648
674
665
687
730
730
756
768
741
740
728
706
682
636
619
603
593
599
601
597
580
583
599
605
625
642
631
612
593
575
573
579
576
571
559
540
542
563
573
590
606
612
604
590
582
578
573
565
577
598
627
636
667
685
665
646
603
591
580
582
594
591
592
626
669
691
709
680
665
626
596
564
545
546
599
722
771
796
795
784
771
752
679
681
668
639
603
580
564
548
537
527
525
532
557
589
650
706
741
742
719
741
741
722
672
626
526
279
377
590
607
608
627
633
632
636
619
589
569
560
551
253
284
536
559
591
604
606
683
772
799
768
790
804
762
707
684
632
597
591
605
635
633
656
748
766
746
729
729
702
668
663
661
639
614
626
613
603
594
586
602
640
646
621
605
610
608
593
597
608
632
666
680
688
686
678
658
660
672
678
650
633
625
618
615
643
695
775
777
780
794
778
769
753
706
694
676
676
660
637
621
625
656
724
726
776
707
834
764
746
684
641
597
568
561
566
573
600
615
687
728
729
699
668
650
631
625
601
598
583
577
549
561
553
535
528
521
514
519
517
506
525
535
531
538
563
584
551
553
551
557
535
542
547
545
539
535
535
517
521
513
497
494
484
479
476
477
481
494
498
494
492
491
494
494
502
500
508
521
526
520
507
516
517
507
509
508
502
501
490
492
498
505
504
501
515
532
533
551
541
527
521
515
509
516
521
517
511
512
518
518
513
518
553
564
555
545
577
564
558
555
569
546
544
547
529
520
516
527
518
513
504
509
519
510
516
498
497
497
500
514
527
528
519
515
521
522
511
501
510
509
513
507
508
497
501
526
529
526
520
538
548
558
554
542
535
546
537
527
521
534
528
527
517
525
541
550
541
545
539
549
547
535
520
518
529
533
536
527
518
507
520
520
509
504
517
526
520
516
530
527
521
523
539
535
536
534
521
502
499
499
499
487
493
484
477
493
510
505
498
504
502
501
509
511
499
487
485
493
505
505
494
487
497
507
498
493
493
510
524
519
505
507
517
523
527
509
500
505
507
496
489
498
513
515
499
495
486
489
487
495
507
513
507
504
513
502
519
530
544
535
527
520
528
533
534
531
527
521
515
534
540
528
519
524
544
560
562
559
545
531
521
527
533
535
544
539
526
510
528
538
540
527
536
552
534
531
527
543
538
524
519
520
528
522
528
508
505
507
526
546
517
551
556
568
543
528
553
563
563
529
533
525
528
518
500
508
508
503
503
499
520
538
540
539
556
578
583
587
577
558
533
525
523
523
524
515
525
540
546
536
551
579
591
572
563
563
563
546
537
521
532
522
515
509
521
531
555
526
520
524
526
525
521
527
519
507
510
515
499
499
504
512
516
504
501
506
516
511
505
507
504
514
527
539
516
520
521
507
509
496
497
499
495
492
500
507
507
523
523
517
525
532
546
515
508
517
519
511
515
524
534
545
546
547
542
535
530
510
506
509
519
537
514
510
515
529
557
532
523
532
532
516
510
499
489
487
488
478
472
477
483
478
476
484
490
492
493
509
516
507
501
509
520
506
504
502
508
516
509
507
498
495
493
482
489
504
520
519
538
560
571
526
538
542
545
519
542
542
510
516
517
521
499
493
497
497
483
476
486
490
475
479
483
495
502
486
489
502
505
502
496
507
499
492
489
497
500
488
487
494
496
488
481
488
501
489
486
490
501
490
479
489
490
489
485
485
485
489
495
495
486
482
475
473
474
479
471
470
472
479
475
468
476
489
494
499
495
479
470
472
471
473
454
455
458
464
450
444
449
452
451
449
439
438
441
439
434
438
438
444
447
443
445
438
438
441
440
442
446
450
449
444
438
429
426
417
424
425
428
433
427
426
431
433
440
450
446
445
433
443
880
443
429
431
429
430
436
430
432
363
490
429
428
420
412
423
424
422
419
420
424
434
442
439
434
439
432
433
424
423
427
429
430
436
426
422
428
427
427
427
414
419
422
423
426
430
426
419
423
422
429
426
417
424
428
425
432
425
420
425
427
423
425
431
425
428
432
426
420
423
426
428
421
416
420
418
422
420
418
418
411
408
409
412
404
401
397
395
399
397
396
396
387
393
395
394
393
391
393
395
397
399
396
396
395
399
403
400
399
402
401
402
403
396
394
396
394
398
397
391
397
401
405
404
402
416
417
421
427
427
427
421
421
416
414
412
408
402
407
404
404
410
411
410
411
409
406
407
408
402
398
396
396
396
393
389
389
390
401
404
404
403
405
412
411
405
408
409
407
405
404
403
400
397
402
400
396
392
398
398
398
391
396
395
391
394
390
385
388
389
388
389
386
383
389
388
390
394
396
390
393
395
398
386
391
392
390
396
396
384
391
392
394
396
389
388
395
394
389
391
384
385
389
390
383
383
389
392
391
386
390
391
395
392
384
390
393
396
396
391
394
396
398
402
397
400
406
396
396
402
401
404
402
399
407
408
406
404
408
410
411
405
400
404
404
395
395
395
396
395
396
394
394
392
393
396
391
392
392
396
398
392
392
397
397
399
395
390
397
397
396
392
393
394
396
398
393
396
395
396
396
395
393
391
390
386
386
385
388
392
388
390
388
395
397
392
390
397
398
400
395
397
400
407
411
400
405
408
409
410
404
397
404
406
405
399
397
404
403
404
402
401
406
409
396
396
402
402
402
399
395
399
401
403
399
404
409
409
409
411
409
402
401
399
401
403
403
407
409
408
413
405
400
405
406
401
396
395
393
401
405
399
400
401
409
412
403
411
416
405
408
410
410
404
397
401
405
406
398
398
396
398
400
397
400
396
397
400
400
402
403
402
397
396
402
402
397
395
395
397
398
395
390
396
398
399
392
396
399
401
396
396
398
403
406
396
398
401
402
394
399
400
398
396
391
396
395
392
392
388
389
390
392
396
389
394
397
401
401
405
402
397
404
403
402
398
397
405
408
398
400
405
406
403
400
403
407
407
404
406
407
404
396
398
403
394
393
393
388
391
383
382
386
385
381
385
383
391
387
384
391
396
397
392
396
399
399
398
397
395
390
390
391
393
388
383
385
391
389
390
391
382
384
389
386
387
386
382
385
386
389
388
389
386
390
394
389
384
393
395
391
387
391
391
393
387
386
390
392
386
384
385
386
386
384
385
389
386
384
387
388
386
383
386
388
386
380
382
385
385
385
386
387
383
379
383
382
383
379
373
378
379
381
380
379
379
378
382
380
378
376
376
379
380
380
376
377
382
383
376
377
380
379
378
377
377
379
380
375
370
377
377
374
372
375
377
374
374
377
377
374
374
374
374
376
371
368
372
375
375
374
370
373
373
375
376
378
375
373
377
381
379
379
376
379
382
379
378
375
380
378
381
376
374
376
377
379
372
371
376
376
373
373
369
376
375
375
372
376
378
377
378
376
378
379
379
377
374
379
380
380
375
377
381
382
376
379
380
386
384
384
386
390
394
383
385
384
386
387
391
393
395
394
396
400
399
402
404
398
394
397
395
391
389
391
393
393
392
391
396
397
396
397
398
399
399
397
397
401
400
396
397
398
401
400
401
404
409
417
418
419
424
426
423
433
435
437
433
431
434
433
429
425
428
427
422
423
423
424
427
431
435
436
437
443
444
444
441
446
447
450
450
448
451
454
460
463
461
455
457
457
458
260
640
454
444
438
439
444
447
468
492
509
497
517
527
544
541
517
512
511
505
494
480
472
466
461
450
441
441
438
439
446
466
482
479
480
489
495
495
510
521
528
513
506
512
511
509
498
480
471
467
461
463
465
465
463
460
459
448
446
441
438
441
450
454
447
456
463
469
480
482
485
479
472
460
454
448
449
452
457
465
460
457
459
463
467
471
470
472
472
471
468
464
462
453
452
450
459
480
521
541
528
546
561
548
536
527
519
511
511
501
504
502
494
497
501
496
491
493
492
492
494
497
503
507
506
497
490
484
475
468
456
452
449
451
459
471
482
478
482
496
525
533
508
507
508
501
492
488
496
504
512
518
526
529
527
520
516
520
529
534
538
542
561
574
578
565
560
554
561
532
521
484
504
497
502
498
521
531
527
544
564
586
598
581
590
585
587
537
546
535
528
518
513
517
496
504
512
512
514
534
562
566
539
562
552
526
529
533
534
513
508
521
519
508
507
506
500
501
499
503
499
485
481
464
469
467
468
465
467
476
483
485
480
492
498
493
492
498
501
504
497
490
481
479
482
480
474
476
479
487
485
494
503
520
538
538
533
515
519
513
512
501
493
480
479
474
468
468
471
472
479
481
490
497
492
498
500
513
519
506
503
499
490
492
493
490
490
478
479
472
470
475
475
472
483
499
506
501
512
524
536
534
532
529
501
485
487
475
473
468
472
477
482
486
486
481
491
493
506
501
515
520
510
511
517
522
529
508
499
492
503
483
495
505
507
518
520
522
511
493
495
476
481
479
480
488
507
495
501
509
522
516
520
529
542
545
515
527
523
527
514
506
501
484
479
476
480
486
490
491
506
523
533
528
525
550
570
589
584
564
563
561
541
516
515
501
494
487
498
525
521
558
622
589
561
613
589
560
586
592
572
544
566
568
544
541
547
550
533
523
507
508
510
521
533
529
511
519
535
526
521
531
551
529
532
522
506
512
508
504
495
509
525
531
529
547
566
559
552
559
567
551
533
539
535
533
513
519
529
524
531
546
566
550
557
566
549
540
548
543
529
546
564
590
585
571
561
559
555
537
540
528
517
510
500
492
491
488
490
496
507
540
593
547
609
595
580
556
544
537
551
560
558
553
534
544
542
530
508
517
524
534
553
551
569
590
599
591
564
581
580
550
560
561
545
540
560
572
572
568
553
567
575
562
568
547
536
523
522
521
517
516
518
526
526
522
526
530
538
524
523
529
527
536
529
525
514
503
508
504
503
499
505
515
519
513
503
517
519
513
504
511
515
501
498
494
495
485
479
468
468
465
469
469
474
468
473
490
501
515
521
536
519
510
509
517
519
524
504
495
495
496
497
494
478
480
482
491
504
505
502
486
494
503
493
486
487
500
498
491
495
504
507
516
507
498
493
492
493
479
479
484
478
472
474
487
500
504
491
490
502
506
504
485
482
484
485
469
470
477
477
485
495
476
471
476
477
479
477
476
476
457
465
464
464
471
472
460
468
469
472
474
478
465
469
470
472
470
471
466
465
459
445
445
445
447
453
471
497
504
479
503
528
522
515
507
513
517
519
518
510
494
489
495
493
482
479
476
479
473
470
475
476
472
470
481
476
474
470
467
468
455
462
458
454
453
451
450
449
452
445
452
448
449
450
454
457
457
452
443
447
453
454
453
450
461
469
483
485
495
483
483
488
499
489
485
486
499
503
480
484
482
489
489
477
484
484
484
481
494
504
499
493
497
501
495
487
478
477
478
485
490
499
505
516
518
522
505
499
500
499
495
488
481
483
488
492
487
494
514
518
516
511
495
490
486
485
480
477
479
476
470
466
462
457
457
458
464
471
491
555
548
556
555
563
569
537
532
538
536
537
537
525
521
508
499
500
503
508
514
545
747
813
795
808
765
788
773
709
684
672
646
617
582
563
553
540
541
554
562
575
603
620
600
574
568
554
538
530
528
545
549
563
573
574
565
562
554
545
535
530
533
540
552
547
542
550
547
545
537
522
518
521
521
520
521
520
524
525
533
556
603
647
688
698
684
679
666
654
628
621
610
593
571
553
539
528
524
532
550
587
625
646
680
689
655
643
633
636
623
628
658
690
676
639
626
610
600
590
599
615
611
604
621
633
623
623
627
614
604
586
577
576
585
603
631
645
668
676
677
646
599
571
553
541
536
538
538
545
536
525
522
535
584
638
600
584
568
535
537
508
497
488
486
479
478
479
474
469
464
459
461
449
457
460
454
462
457
464
464
463
468
457
461
456
456
451
446
450
439
434
435
437
434
434
430
425
422
426
424
424
418
409
421
421
413
406
405
405
410
412
411
411
404
402
412
408
407
405
404
400
394
400
396
396
397
385
396
392
390
386
388
389
388
386
385
385
386
379
378
379
380
377
373
370
374
374
375
369
366
370
374
373
370
373
375
375
376
375
380
373
374
376
377
377
378
379
382
379
375
380
380
379
376
374
381
384
380
386
382
391
392
386
388
389
392
389
389
383
385
383
384
380
376
379
379
379
377
374
377
376
376
374
369
374
371
377
372
370
377
376
379
373
374
379
378
379
377
374
380
379
377
373
382
377
374
378
380
380
379
374
379
378
382
380
374
380
383
384
386
385
381
380
382
378
379
373
377
380
380
382
385
382
382
386
391
382
385
388
393
391
395
400
391
393
397
396
396
393
388
387
386
385
389
389
387
390
395
396
390
391
396
398
396
392
391
393
395
392
387
384
388
386
382
378
380
381
382
379
380
383
382
383
384
378
375
379
378
377
372
372
376
378
380
383
381
383
386
389
387
389
387
384
383
385
383
375
379
379
381
380
380
375
377
378
381
382
379
379
380
376
375
379
379
382
374
371
378
381
382
386
385
380
385
389
384
381
381
383
380
381
376
375
374
380
376
378
377
371
378
377
371
373
372
372
370
369
366
370
369
367
362
367
368
364
364
366
367
364
362
364
364
365
365
361
365
367
366
361
366
365
367
364
364
366
366
370
362
366
369
372
365
368
367
370
370
368
366
369
369
366
369
367
370
363
365
367
366
360
362
364
365
369
368
368
367
375
377
373
374
376
378
380
382
376
378
380
381
375
369
374
373
373
371
367
372
370
371
368
372
371
372
373
363
371
367
369
367
363
370
368
371
366
366
372
375
368
367
375
377
370
369
374
377
372
369
373
379
372
370
374
377
375
371
375
374
372
374
375
372
374
378
372
372
375
374
372
371
371
370
368
366
370
371
372
369
372
372
376
379
372
375
378
381
379
376
383
386
389
384
388
390
390
389
391
391
388
388
390
380
378
378
377
378
379
383
385
389
388
394
386
389
387
384
388
393
388
383
383
383
383
380
377
378
379
381
381
380
376
379
383
383
391
392
386
389
395
396
396
393
394
393
396
396
397
399
396
398
397
392
390
388
390
389
387
387
383
386
387
386
382
387
390
394
396
388
396
400
402
406
396
401
403
401
399
401
394
394
391
392
390
382
384
383
383
386
388
388
385
387
396
386
390
390
387
386
391
395
386
389
390
395
395
396
392
395
400
400
391
397
400
396
395
405
402
407
399
403
403
400
399
396
393
388
387
388
390
392
388
388
390
393
396
392
395
396
397
401
399
396
396
399
401
398
398
394
396
398
401
396
396
396
397
396
391
386
386
388
387
385
380
385
385
388
386
384
382
383
384
383
381
375
382
381
384
378
377
382
380
381
379
377
376
378
379
378
374
370
373
373
375
374
372
372
372
377
378
376
375
376
378
380
376
373
378
379
375
375
378
377
376
378
373
374
372
374
374
376
373
372
375
379
381
376
377
380
386
384
377
383
386
385
379
382
383
386
381
380
382
385
382
376
382
379
378
373
377
374
376
379
379
374
375
379
380
380
380
376
381
383
381
379
376
381
382
379
381
382
380
378
373
374
376
376
369
372
371
373
372
371
369
370
372
369
367
366
368
371
362
364
364
363
358
355
363
355
358
359
355
354
352
354
352
347
353
350
345
344
345
347
345
339
339
342
338
336
335
338
333
331
333
331
331
333
328
327
329
326
325
326
327
322
322
324
322
321
326
318
320
321
317
319
319
323
314
317
319
317
320
315
320
314
315
313
319
313
316
314
313
316
316
317
314
315
313
314
322
309
313
318
314
312
317
313
313
314
316
315
312
311
316
312
311
313
313
307
312
312
310
308
309
310
313
315
312
307
308
311
310
309
315
307
309
309
309
308
316
311
311
318
308
307
309
317
313
309
311
313
313
310
308
316
309
308
308
308
310
306
311
310
314
308
307
309
315
305
310
309
313
304
308
309
313
312
306
310
312
309
307
308
313
308
307
307
308
305
306
304
304
313
305
305
306
311
305
305
304
307
306
307
303
304
306
306
309
307
311
313
313
313
312
315
315
316
318
316
316
319
315
323
314
319
317
321
317
318
320
318
319
320
317
321
319
320
317
317
315
317
317
317
316
320
316
318
317
317
319
322
321
321
320
320
317
319
320
321
323
324
323
326
322
323
326
324
329
328
328
331
330
336
334
334
337
336
340
339
341
340
339
342
341
338
339
338
337
337
337
341
337
341
346
348
347
349
353
356
355
356
358
358
356
356
354
355
354
353
351
350
348
349
351
352
356
354
354
357
354
356
356
360
358
360
361
364
366
365
362
368
371
369
369
371
373
376
379
383
382
382
381
386
385
382
382
385
385
384
384
383
385
384
383
386
391
395
394
394
396
395
398
396
396
391
390
390
391
388
392
397
404
407
411
422
415
412
417
424
414
415
417
420
418
424
416
412
415
416
408
408
412
406
399
399
401
402
398
399
404
405
403
404
400
400
404
409
404
405
405
402
401
408
410
414
416
407
408
412
412
404
406
412
413
410
410
416
427
425
421
426
436
433
430
432
439
438
445
442
429
431
435
428
420
421
424
423
419
420
432
432
438
437
439
438
442
431
422
418
418
421
417
413
415
429
426
428
432
441
435
436
443
444
440
444
446
441
438
441
437
432
430
436
431
427
427
432
431
434
438
439
445
450
447
450
445
435
433
432
423
426
430
431
433
445
454
455
461
471
466
477
479
482
480
478
475
469
456
447
443
444
437
437
442
456
460
454
459
459
459
471
469
466
466
474
469
464
461
449
451
450
455
451
446
451
453
456
463
465
463
470
461
457
460
467
461
458
461
470
471
469
477
484
481
479
481
497
489
489
497
481
479
479
480
473
470
478
475
462
474
479
485
488
480
472
478
479
477
471
470
470
461
468
476
479
466
475
482
483
489
497
500
490
494
498
498
493
496
495
482
479
482
480
473
474
483
491
484
491
498
519
531
528
504
508
504
508
489
496
505
499
505
502
504
506
511
507
506
509
505
500
495
495
490
488
489
503
521
521
522
535
528
523
521
522
519
514
504
504
495
493
496
495
498
499
494
494
497
495
495
495
503
499
498
496
990
488
479
474
471
476
496
521
526
560
563
568
536
538
542
534
515
512
499
483
469
471
467
469
470
478
478
480
484
486
486
479
478
479
479
473
480
493
507
513
503
513
512
508
509
509
508
503
500
498
490
492
485
490
505
502
521
533
545
543
540
521
529
532
533
529
517
516
520
512
503
424
584
485
493
497
504
512
508
497
504
511
512
514
509
508
498
500
486
474
473
470
470
476
488
512
534
541
554
550
547
541
532
529
521
515
507
510
509
510
501
501
501
504
515
531
529
532
534
530
522
511
501
491
490
482
477
477
479
490
501
499
499
504
512
509
510
516
517
517
519
520
516
516
512
496
502
496
503
518
548
530
539
569
594
580
610
613
588
614
603
585
575
557
549
547
530
526
530
534
536
547
567
578
580
578
574
552
547
541
531
522
507
512
509
501
505
521
545
574
589
583
582
573
565
561
554
547
532
534
535
540
541
543
540
535
535
538
540
527
543
548
537
549
558
541
565
559
567
588
589
588
582
576
571
538
541
530
500
511
506
505
497
511
524
525
537
558
559
554
556
538
545
558
542
556
565
572
571
571
570
563
556
538
532
524
522
523
520
519
524
538
546
549
578
588
580
580
593
580
576
575
575
560
558
558
559
554
556
560
560
572
576
578
568
560
547
541
524
524
523
523
524
527
526
512
514
513
516
532
536
543
573
590
581
571
580
574
569
568
571
562
555
550
556
550
544
544
541
529
532
529
533
534
538
554
566
558
563
564
558
559
563
558
549
544
545
531
526
528
534
539
540
558
584
578
586
605
603
604
584
569
564
563
557
556
557
557
559
550
548
553
544
541
546
560
569
564
568
577
573
579
580
575
571
564
530
546
537
530
531
541
544
562
588
617
608
609
584
598
608
603
603
609
598
581
574
567
554
541
540
543
549
553
558
582
610
605
624
630
607
598
601
594
586
581
583
574
566
559
556
534
537
518
524
534
556
580
593
597
578
581
575
563
558
555
560
556
554
550
530
533
514
515
500
499
500
508
534
550
540
559
582
599
600
583
585
572
572
554
550
537
531
528
521
521
523
527
531
529
537
546
543
538
547
555
556
553
548
546
542
535
527
525
528
523
523
521
528
547
361
747
561
566
547
546
534
536
540
532
534
542
542
545
540
538
535
535
532
537
544
549
552
555
554
564
563
559
555
563
556
550
1096
531
532
534
538
531
528
524
523
534
547
557
562
567
581
593
586
584
590
584
572
563
556
549
537
530
530
532
531
534
546
571
612
608
610
618
615
619
626
615
604
609
591
583
576
570
556
548
545
548
562
570
578
583
576
581
592
585
581
585
578
570
557
545
540
540
544
549
533
540
531
530
532
538
540
545
563
571
571
581
575
563
548
529
531
525
521
523
522
522
525
532
531
541
564
611
656
660
662
682
646
647
597
595
587
569
554
550
545
534
538
549
558
571
579
574
575
580
563
555
553
547
540
534
525
518
514
507
504
515
542
567
541
560
560
567
553
567
577
569
568
573
550
548
525
548
538
527
530
540
549
554
563
565
575
547
558
557
554
529
539
533
529
525
525
518
520
1029
499
402
599
495
494
511
519
529
533
529
496
520
511
495
505
503
509
504
512
528
544
549
558
550
553
539
538
529
524
525
533
542
546
550
542
553
562
554
552
563
564
556
552
549
536
528
515
511
510
521
542
563
599
645
621
643
661
664
655
619
597
594
590
570
569
570
571
564
572
589
594
585
595
602
615
603
597
576
568
566
566
561
553
542
538
546
562
585
603
585
577
596
604
594
580
580
585
592
591
584
573
556
546
484
602
543
541
546
573
617
617
614
636
635
640
607
603
603
596
594
587
586
578
565
571
563
563
561
549
546
547
550
560
567
571
577
577
558
549
546
542
534
533
547
578
627
662
688
660
652
679
683
647
641
639
642
624
616
623
600
586
572
563
559
569
580
603
598
579
563
562
553
556
564
577
587
591
595
594
598
598
593
584
564
555
553
548
553
554
576
629
696
687
688
675
634
631
648
651
633
638
637
653
623
619
603
594
592
595
613
621
610
630
641
635
618
624
633
633
624
603
588
572
575
584
604
607
621
632
653
636
621
617
619
620
613
606
603
593
588
575
569
561
558
569
588
592
627
656
677
646
621
626
629
624
625
595
581
578
577
586
584
584
578
579
565
566
591
654
778
779
776
720
660
651
625
610
599
594
600
606
606
603
596
584
578
570
567
567
566
571
559
577
629
698
726
718
698
666
650
628
628
646
697
756
758
743
724
713
696
687
660
621
603
597
583
576
564
555
553
548
542
540
537
532
525
521
515
521
542
581
587
591
561
570