757
732
712
793
925
1019
896
779
781
813
989
905
853
954
890
890
940
1055
1038
901
828
839
899
865
781
825
852
964
969
933
794
773
759
796
825
864
891
819
770
785
851
1136
1140
1115
1056
963
869
767
737
729
748
856
1107
1074
1072
1068
1031
980
904
859
861
831
758
719
714
735
780
824
795
761
683
655
637
643
652
677
701
721
708
686
692
717
765
742
764
782
827
843
782
785
808
779
768
785
776
731
743
775
823
827
860
896
894
823
790
716
680
676
702
743
876
1038
1032
1000
913
864
824
842
804
813
821
805
785
761
792
875
857
896
888
827
857
855
865
801
765
751
739
822
889
885
839
771
692
651
640
658
680
706
692
709
716
744
724
748
681
643
617
595
579
571
562
562
563
561
566
568
572
568
560
555
552
547
545
545
540
536
531
529
528
526
519
518
514
510
509
509
506
508
516
531
555
553
546
549
567
589
571
566
564
575
590
600
594
582
566
562
556
555
559
565
571
564
558
560
550
560
564
571
579
580
575
568
563
561
561
558
553
553
558
560
566
565
564
553
548
544
543
548
561
560
561
563
569
579
595
603
610
611
595
586
575
575
578
571
565
563
566
584
604
614
613
615
627
623
612
601
593
590
594
592
582
563
556
550
550
551
560
578
615
664
706
682
670
673
666
633
613
602
604
609
613
602
598
597
603
589
588
585
594
608
608
607
609
618
626
611
604
592
588
576
581
586
604
625
646
643
624
614
615
617
602
591
581
580
583
580
577
579
577
585
604
640
673
690
683
664
634
619
605
592
594
599
606
597
594
603
619
616
625
640
644
644
626
610
601
595
584
584
582
587
616
661
657
683
685
713
681
712
686
671
660
629
624
614
625
645
660
652
627
615
610
622
652
678
666
640
642
637
644
658
655
634
608
597
585
582
576
578
585
597
610
632
622
640
644
637
642
628
633
623
622
603
602
593
604
613
625
645
661
626
611
598
609
617
620
631
636
627
624
607
611
603
598
591
576
573
567
562
562
586
656
725
679
674
669
675
679
654
624
599
578
567
566
577
613
678
720
696
681
699
705
701
672
644
622
602
592
590
594
593
588
584
595
636
699
735
759
746
688
647
613
593
587
588
598
610
633
626
606
591
583
580
578
584
588
600
613
632
630
607
590
579
575
585
605
639
661
651
626
605
587
571
566
569
583
615
680
723
750
771
697
672
657
640
623
613
609
594
584
578
574
587
601
609
603
588
587
592
601
597
592
587
585
587
587
576
568
564
560
569
591
630
678
712
680
650
637
628
622
622
600
587
571
562
561
570
603
681
723
676
666
678
698
668
638
612
599
583
578
583
590
587
582
581
586
608
614
606
593
584
582
583
585
587
577
572
577
599
643
632
612
600
603
602
613
600
584
579
579
577
568
561
560
563
574
588
595
586
584
575
575
577
565
559
550
548
548
554
552
555
562
576
574
593
604
619
623
626
617
608
586
567
559
550
553
560
580
594
613
638
674
679
687
652
623
606
590
580
563
555
546
542
538
533
526
521
518
516
517
521
524
537
538
532
527
526
521
521
520
519
521
520
521
524
527
527
519
512
510
510
514
518
521
513
507
507
505
511
513
519
516
513
513
512
519
519
526
525
515
515
513
514
513
514
508
505
500
500
502
503
511
518
521
520
516
519
520
524
530
524
521
519
520
515
513
516
511
510
510
508
506
499
502
503
505
507
509
502
498
494
495
497
499
503
506
508
500
499
499
499
497
497
495
499
501
503
503
507
506
503
498
500
502
509
516
521
524
521
514
512
507
508
508
511
517
519
516
510
506
508
511
515
516
515
515
514
507
502
501
498
497
503
509
512
511
505
506
507
510
512
516
511
510
509
506
506
504
505
506
502
500
495
493
490
492
496
495
497
498
502
504
512
515
514
504
501
497
496
495
495
495
501
505
499
493
492
489
493
495
508
524
546
568
588
586
559
543
530
520
516
515
518
518
515
512
505
498
490
489
487
489
496
502
511
515
514
511
503
504
505
510
517
516
507
502
498
495
494
497
494
499
505
510
510
517
519
516
510
507
502
502
502
503
505
503
505
499
499
501
502
506
515
516
513
514
515
512
505
506
510
510
503
505
503
507
512
507
503
506
504
508
501
501
502
503
503
503
505
503
503
496
496
501
495
490
490
491
493
496
499
497
499
501
507
516
514
511
509
510
513
511
515
516
511
507
502
500
499
501
506
503
500
502
499
501
497
498
503
510
512
508
506
507
503
508
512
508
502
500
494
490
489
494
507
526
526
523
518
520
526
529
536
535
529
524
521
521
520
522
522
512
511
510
510
516
515
511
508
510
509
511
517
517
520
521
524
519
513
510
508
510
515
510
509
506
514
520
521
518
515
516
514
517
523
525
521
518
516
514
514
512
508
508
503
502
496
499
499
492
492
490
493
495
499
507
514
510
510
513
516
517
521
512
516
522
523
523
513
508
505
503
506
501
499
498
502
505
497
496
492
490
489
492
499
505
504
501
500
500
497
498
502
507
504
497
493
490
489
490
498
507
509
504
500
496
498
498
506
520
521
517
518
519
523
524
531
530
523
519
515
518
514
516
515
509
507
505
507
506
510
509
509
508
505
499
497
498
501
501
499
496
498
500
492
491
490
493
490
492
492
487
487
486
484
486
494
511
518
518
512
515
516
513
512
511
515
516
514
510
504
508
507
508
512
506
506
503
505
506
508
508
509
510
512
513
516
511
511
506
504
508
513
517
522
517
513
513
515
516
520
521
514
514
514
513
515
510
504
503
504
498
498
496
496
499
499
496
498
497
500
502
505
511
513
507
505
500
494
496
499
512
528
542
549
547
543
528
527
526
530
522
514
511
510
520
527
545
552
545
543
549
574
626
635
613
615
625
622
599
581
570
570
592
623
660
637
633
609
603
624
663
638
643
641
664
685
679
642
618
603
594
594
614
620
611
614
652
739
877
924
878
764
729
707
667
637
628
644
714
808
753
762
772
778
712
681
681
718
710
713
718
729
743
747
712
652
615
597
602
650
771
842
811
726
702
699
736
763
712
714
709
716
669
650
649
669
704
723
706
662
633
622
630
646
641
653
696
756
751
775
793
759
750
731
693
646
616
599
603
630
674
664
660
672
717
765
771
718
675
669
689
731
771
743
688
651
632
644
678
753
780
764
698
664
651
664
734
837
865
840
774
722
703
688
661
650
657
664
656
643
636
625
629
618
599
589
582
565
558
552
550
546
542
541
543
546
549
549
551
555
558
555
545
541
537
535
526
522
520
517
513
513
509
507
506
504
506
506
503
506
504
505
508
508
506
505
506
508
509
504
500
499
497
495
498
496
493
490
492
492
496
501
510
521
532
530
521
517
511
513
512
511
506
503
499
496
497
497
494
491
493
494
497
498
497
501
505
510
510
504
506
502
500
499
499
492
490
485
482
482
483
485
485
485
486
492
490
498
504
498
496
493
494
494
496
500
493
489
486
484
483
481
480
481
481
478
477
476
477
476
479
484
494
499
509
515
512
513
504
499
497
491
488
487
489
492
499
507
508
507
498
497
494
495
495
503
503
504
506
515
521
521
520
522
527
521
519
516
518
520
520
521
521
520
522
515
512
511
507
507
507
513
510
510
512
514
516
513
508
504
500
495
497
496
498
504
504
501
502
501
499
503
504
501
497
494
491
488
486
486
488
491
489
485
483
479
479
479
480
484
492
504
506
501
496
495
495
498
502
502
502
502
503
497
491
490
488
485
485
484
485
482
481
480
482
479
479
479
476
479
480
480
478
475
475
474
472
473
474
479
487
494
493
493
493
496
502
511
517
519
523
525
516
516
515
515
513
519
521
517
509
509
506
506
508
510
508
507
513
511
505
503
502
499
500
499
494
495
494
494
497
497
504
507
504
506
503
507
503
508
499
499
495
494
494
494
495
494
494
490
492
487
489
491
498
504
500
498
498
500
503
506
512
515
515
514
515
513
513
507
501
499
500
498
494
488
487
485
486
484
482
484
488
490
493
492
488
486
486
484
485
486
488
487
484
480
479
479
479
479
486
496
496
496
496
503
507
513
516
511
507
502
505
499
497
498
499
498
499
492
486
486
485
482
482
481
486
484
487
484
481
480
478
479
479
481
480
483
486
488
487
489
488
485
480
480
478
476
477
478
480
483
488
486
483
483
490
491
494
497
498
494
492
490
489
487
489
490
488
481
478
478
476
476
479
498
540
586
601
584
562
532
518
509
507
506
503
499
500
494
490
489
486
486
490
486
485
484
484
483
485
490
496
496
490
493
494
493
498
496
490
489
488
488
489
487
492
498
509
518
521
520
512
510
509
511
518
535
549
561
556
539
532
529
530
538
566
590
595
586
559
547
538
548
571
600
596
582
574
579
603
604
580
571
557
553
539
532
549
575
576
581
601
735
945
987
991
896
798
760
771
830
785
705
690
697
744
776
841
831
806
769
727
652
643
645
682
779
782
714
718
731
823
827
738
723
711
715
694
693
646
637
655
714
893
793
810
806
801
747
738
736
780
798
742
734
732
717
707
695
643
628
636
660
702
685
699
769
915
853
847
822
777
708
684
695
762
809
748
760
820
847
832
761
699
673
665
646
656
651
673
687
729
758
730
756
779
748
735
727
692
667
660
655
636
638
650
641
638
641
651
641
640
649
671
668
639
616
611
607
587
579
576
571
576
597
646
668
682
706
712
709
682
655
631
610
595
587
605
639
669
683
669
679
699
710
698
686
666
635
607
592
586
612
703
817
848
896
913
952
857
781
740
727
984
1065
1010
919
792
749
708
678
675
684
676
641
640
644
649
646
621
603
597
590
588
582
575
579
572
564
566
575
586
593
606
621
644
640
652
655
650
633
627
624
616
604
606
611
612
619
632
635
627
638
639
632
627
609
592
576
566
563
563
559
554
551
547
537
534
530
527
521
515
515
509
508
500
496
495
492
486
482
479
477
474
472
471
465
464
462
462
458
458
454
453
450
450
446
445
445
443
441
440
440
436
433
435
432
430
428
425
422
422
419
418
418
418
414
414
414
414
414
415
415
413
414
414
415
415
416
417
414
415
416
417
417
420
419
419
419
421
421
423
420
420
421
420
420
420
419
418
417
420
416
417
417
414
418
415
417
419
415
414
417
418
414
417
413
417
411
414
413
420
413
410
408
416
405
408
410
410
408
407
407
409
409
405
408
406
408
405
406
409
411
408
408
408
408
412
406
403
405
408
408
405
403
404
401
405
403
403
398
402
401
401
400
401
401
400
397
400
400
401
396
397
399
398
397
399
396
398
398
398
403
400
395
396
396
398
395
398
396
397
393
394
394
392
397
395
395
393
392
394
394
395
395
396
392
391
392
392
393
393
392
387
388
388
389
389
390
388
388
384
383
384
385
386
385
389
387
385
382
386
384
384
387
387
385
384
385
385
385
389
384
381
383
383
385
385
382
378
380
382
382
384
385
386
379
380
381
382
383
384
388
386
382
382
383
384
384
388
386
384
383
385
384
385
387
385
382
384
384
384
385
385
384
381
382
385
388
384
378
384
386
386
381
382
382
386
380
385
385
389
385
381
384
385
387
387
386
381
381
385
384
386
385
386
332
422
384
384
386
386
385
386
382
385
384
388
385
389
391
385
385
386
388
390
390
392
390
386
390
389
392
391
390
386
389
390
389
393
390
392
392
391
393
393
392
389
388
389
390
390
390
385
384
387
386
386
388
387
384
380
383
383
383
385
387
382
380
383
383
384
382
384
380
381
382
382
383
384
383
379
382
383
384
385
384
379
380
382
385
387
383
379
384
381
383
382
383
385
386
386
377
382
381
379
382
384
386
383
378
385
386
374
383
381
378
382
381
384
376
378
378
380
378
374
377
378
378
379
378
375
375
378
378
379
380
377
375
379
381
381
382
380
377
380
380
383
382
380
378
379
381
381
382
382
381
379
377
381
380
382
384
380
376
380
379
382
381
381
381
382
380
378
380
379
380
383
381
377
375
378
378
379
382
380
378
374
378
378
379
379
379
377
374
374
376
375
376
376
377
376
373
375
375
376
376
380
376
373
374
376
376
377
381
376
375
379
379
381
382
379
375
379
379
382
382
384
376
378
381
381
381
384
376
377
380
380
381
384
378
377
381
380
382
382
378
376
378
377
379
379
380
375
375
377
377
377
378
377
375
373
374
375
375
375
376
373
371
372
372
372
373
374
373
372
369
370
371
370
373
368
371
369
370
373
372
372
374
370
371
371
373
373
372
373
374
376
375
375
374
376
372
373
375
375
375
377
375
373
374
376
376
377
378
375
375
375
375
377
379
377
376
377
380
380
380
381
375
376
376
376
376
374
377
377
376
377
379
374
374
373
375
375
375
372
371
373
375
375
375
371
373
373
374
376
374
372
373
374
374
377
371
370
371
374
375
374
366
370
372
372
373
368
366
370
370
372
371
368
368
369
371
370
370
372
369
367
370
370
371
370
367
366
367
368
368
368
369
365
366
368
368
369
369
366
365
367
369
368
367
368
364
365
368
368
368
367
365
364
364
367
367
369
366
368
364
367
368
369
370
371
367
369
372
373
369
369
370
371
371
371
367
368
370
372
363
367
369
369
363
367
365
367
368
366
364
364
366
365
367
360
364
365
364
366
366
363
364
361
366
365
369
365
359
361
363
363
364
357
360
362
362
357
357
360
359
354
357
357
356
353
357
355
351
354
355
354
348
354
355
354
348
354
354
352
351
353
354
349
350
353
353
346
352
353
349
350
354
349
348
351
351
347
346
350
350
344
349
348
345
346
349
344
345
349
346
342
346
347
343
345
349
343
345
347
344
343
348
346
343
344
347
344
344
349
345
343
347
347
340
345
346
347
341
346
347
343
342
347
344
261
426
343
344
346
340
345
343
339
345
343
342
344
341
343
345
339
344
342
340
343
343
340
344
341
344
342
342
342
342
339
343
342
339
340
342
339
343
341
341
341
342
338
341
344
337
342
341
340
343
339
340
341
338
341
339
338
341
337
342
342
335
339
341
339
336
340
342
334
338
339
341
337
336
339
341
336
338
343
337
336
340
340
335
251
428
338
335
340
334
337
341
674
336
338
338
291
387
334
335
337
337
341
338
335
336
339
340
335
337
343
335
336
337
339
335
336
339
334
336
337
331
339
336
332
340
339
337
337
336
335
340
342
337
339
336
339
343
341
338
343
343
345
339
344
345
344
348
343
346
351
347
348
352
347
352
354
354
354
352
354
357
354
359
359
358
356
361
362
360
364
363
359
363
365
369
366
367
285
309
513
373
366
252
294
563
372
372
372
301
443
374
371
376
375
373
379
373
376
377
377
381
373
378
378
378
380
376
381
383
382
382
379
383
382
386
382
382
383
380
387
382
384
384
385
389
384
387
387
383
391
386
387
389
386
390
390
387
390
387
394
389
390
391
390
391
396
393
391
394
392
388
395
400
405
398
396
396
396
391
393
397
398
395
394
393
390
397
398
394
396
395
393
395
402
398
398
400
399
406
400
403
402
402
405
403
404
407
399
402
411
406
407
408
404
409
407
408
405
408
409
407
409
409
409
413
411
412
414
413
416
415
417
418
417
419
421
419
420
420
421
423
423
423
421
423
425
429
429
424
430
437
436
433
430
429
425
433
425
428
429
425
425
425
430
430
430
431
438
441
440
442
439
444
449
449
446
444
450
450
448
447
445
447
448
449
448
448
451
451
452
452
452
454
454
454
455
459
457
458
461
457
456
456
462
466
468
464
462
462
463
459
459
462
461
458
459
460
464
463
461
460
458
458
462
459
458
459
455
457
455
454
453
454
459
461
463
464
466
466
471
473
474
475
472
471
475
474
473
474
476
475
479
483
487
490
490
494
494
491
492
489
482
484
483
479
474
478
479
482
479
477
482
484
485
490
488
485
483
481
481
479
478
478
478
478
483
491
487
489
487
484
486
484
479
479
479
480
485
480
482
480
479
477
476
475
476
480
482
482
483
487
490
491
492
491
495
495
490
489
486
483
488
490
496
498
497
498
498
498
502
502
502
505
510
516
515
516
518
525
526
521
519
517
521
520
520
521
529
528
527
529
527
534
528
524
521
514
515
515
511
510
508
513
509
506
506
505
505
507
507
510
514
517
521
522
521
523
519
515
509
504
504
500
499
500
497
509
504
504
509
505
505
501
508
504
503
501
500
500
496
499
507
509
506
505
505
503
505
508
506
506
503
505
502
504
500
499
499
502
505
503
504
506
506
507
509
512
509
508
509
508
514
519
522
525
523
531
534
530
521
534
531
529
521
510
518
514
512
511
512
510
507
505
503
504
503
507
517
538
563
577
571
564
565
565
564
566
563
555
549
544
543
541
539
534
533
532
534
541
543
547
544
545
548
552
552
548
548
552
554
555
551
554
560
562
561
558
557
557
558
558
555
553
550
558
558
561
559
560
564
569
567
563
568
568
562
558
555
547
544
541
544
547
553
563
562
567
578
583
585
578
570
566
561
553
560
561
561
566
561
560
561
556
552
550
552
548
549
556
563
563
566
569
569
576
578
578
576
571
562
553
549
543
540
541
544
549
555
552
554
558
561
562
560
561
563
564
560
556
553
552
551
552
556
563
567
571
570
565
563
563
559
552
549
547
548
547
544
547
548
552
558
566
564
567
570
573
572
570
569
567
564
564
562
561
564
563
564
562
563
563
567
563
563
564
564
562
563
564
563
561
560
563
562
557
563
563
558
567
564
566
559
556
552
547
545
544
543
543
547
554
566
571
579
591
589
588
592
588
581
577
574
564
563
558
552
549
544
541
538
541
539
540
543
544
547
557
554
554
554
549
548
553
556
559
560
556
558
560
556
553
552
552
554
559
558
560
559
562
563
561
562
563
565
562
558
563
557
552
549
544
544
539
542
548
546
549
552
559
567
569
565
566
563
563
562
556
549
545
541
541
542
556
580
613
629
630
625
610
598
590
585
582
584
584
580
576
566
563
559
558
563
571
587
593
590
591
596
600
610
615
618
611
604
589
577
568
560
556
560
568
592
608
613
610
604
599
587
577
569
565
562
559
562
568
574
581
583
582
579
574
566
563
556
551
551
564
593
622
628
622
603
596
590
585
584
582
573
571
568
567
570
568
568
570
570
575
575
570
569
569
565
566
570
573
577
577
573
572
568
569
565
578
584
592
587
585
589
592
585
579
576
571
563
559
558
553
550
550
553
548
548
552
550
555
558
556
559
560
558
555
549
545
539
536
536
527
531
525
526
532
556
566
576
589
609
630
646
625
623
633
626
612
607
605
604
607
605
604
591
585
581
579
581
593
613
636
651
633
617
609
605
605
607
611
617
611
603
596
598
605
630
665
683
672
639
625
610
604
602
603
604
615
626
634
638
637
644
629
615
607
604
602
604
611
623
639
644
646
636
627
618
606
592
580
570
564
570
613
1320
934
839
777
690
643
617
607
603
604
612
629
646
652
638
631
636
629
619
608
600
601
597
599
594
587
585
582
586
603
622
638
638
638
618
608
602
596
594
600
613
623
621
638
637
616
614
609
612
608
607
596
592
593
600
613
622
618
619
626
636
646
664
665
659
649
627
616
602
601
595
595
598
593
588
583
581
583
585
590
604
637
694
718
683
676
662
667
646
638
638
638
622
616
610
610
604
604
611
625
636
645
668
676
674
667
651
637
635
622
615
609
598
590
588
583
586
582
591
614
693
719
740
737
720
694
672
653
638
631
619
617
618
616
624
631
629
633
640
654
672
675
672
647
642
636
636
634
627
621
619
622
617
619
623
641
657
655
663
665
655
651
657
647
639
640
637
634
630
619
607
606
598
595
594
604
619
665
696
725
744
725
688
680
671
667
657
646
630
613
604
599
593
589
593
604
649
719
725
753
757
757
714
687
672
660
653
647
644
631
625
622
624
642
702
796
765
753
729
720
707
683
666
648
626
610
599
591
591
607
670
949
983
918
810
716
675
653
642
636
631
630
620
613
610
613
630
681
763
785
733
686
661
646
638
632
630
631
631
627
616
614
609
605
613
629
641
648
644
628
619
613
606
604
608
635
685
717
711
673
658
647
642
639
637
638
640
641
630
622
617
616
625
653
686
703
696
682
652
641
628
616
610
613
629
654
674
683
661
646
640
636
633
637
640
641
631
624
616
613
610
603
605
602
604
602
608
609
614
621
618
615
613
622
622
627
628
627
624
621
613
604
602
594
588
588
588
589
592
589
585
577
575