584
564
557
532
531
535
576
603
598
560
551
545
551
563
567
569
557
554
537
530
523
521
520
514
507
505
498
508
526
535
521
519
521
525
534
536
539
555
556
545
547
547
542
543
536
537
538
537
532
527
526
532
529
525
528
544
544
551
556
564
583
576
565
552
538
527
521
516
517
524
554
606
605
563
544
558
604
576
564
576
563
549
546
544
536
531
534
534
524
520
529
537
555
583
598
587
579
567
570
573
575
566
567
564
560
555
549
548
555
548
544
541
534
521
519
517
525
544
604
626
672
611
638
624
604
576
557
548
543
532
535
535
523
520
518
520
522
526
529
544
552
543
540
548
565
596
616
604
593
588
575
561
553
550
555
550
548
542
532
521
513
508
504
500
508
557
604
593
584
564
536
523
517
514
532
573
584
574
552
546
551
564
573
586
589
588
595
582
579
553
541
545
549
559
566
547
548
559
561
554
544
525
517
509
510
504
508
509
508
511
515
512
503
495
493
488
488
505
526
544
531
545
547
530
530
525
529
519
512
501
495
483
485
479
480
477
478
476
472
470
472
467
469
467
464
464
463
462
464
465
471
479
476
474
474
477
487
494
500
490
483
482
477
476
484
475
471
471
472
476
479
481
479
477
474
469
467
465
470
480
487
495
501
497
486
487
485
486
486
491
489
487
484
484
484
484
485
481
472
468
466
464
466
474
485
490
485
477
475
473
483
496
497
498
491
480
475
472
469
473
479
483
491
491
482
479
477
479
479
480
489
493
492
493
492
505
505
520
511
518
508
510
517
516
515
508
500
496
497
503
514
524
523
515
510
507
509
514
518
521
509
502
505
505
521
516
509
497
488
485
486
489
492
497
509
523
539
537
524
511
508
503
495
485
478
474
472
470
470
473
479
484
485
483
475
479
482
482
493
479
475
470
470
466
464
462
461
457
461
473
476
485
498
495
511
506
493
482
479
480
485
497
505
491
486
489
491
498
497
490
483
482
482
487
490
482
478
478
479
487
489
484
479
472
471
475
471
475
469
469
470
470
475
473
468
464
465
471
471
469
465
467
468
470
472
472
466
466
475
476
481
491
486
480
476
471
477
479
483
483
475
473
472
474
489
495
494
487
480
477
490
553
556
540
527
518
505
497
486
487
495
502
500
492
493
502
504
497
489
486
491
494
493
486
480
481
482
483
485
478
474
468
468
474
479
491
492
489
479
473
475
474
478
479
478
486
496
495
498
484
481
473
473
472
475
487
479
480
480
479
481
479
483
486
494
500
510
515
503
497
491
488
484
480
479
479
476
471
468
467
471
484
486
493
486
484
490
492
496
487
483
484
483
485
478
475
474
470
474
472
469
468
468
471
477
475
471
472
475
472
470
467
466
466
472
469
479
477
479
487
493
498
494
491
491
494
487
479
474
474
475
473
479
473
476
473
470
473
475
469
469
469
474
483
482
480
482
509
513
516
517
507
501
488
490
490
485
477
477
485
491
493
495
492
488
489
490
494
493
482
478
479
481
492
490
483
488
491
496
494
489
492
493
497
503
500
499
488
484
482
472
466
460
459
457
462
470
485
512
556
556
545
549
541
529
509
516
511
515
517
504
520
530
536
529
517
524
523
524
512
514
513
508
501
495
484
473
468
469
465
461
475
508
553
529
529
548
562
563
545
529
513
498
479
466
456
456
473
487
488
500
492
507
530
538
527
521
521
512
511
493
495
495
490
485
479
478
470
467
467
468
476
485
481
479
474
464
457
455
461
468
493
524
521
564
566
568
576
551
543
510
506
506
498
492
484
476
464
459
455
458
473
476
477
474
466
465
468
467
483
483
479
489
494
507
509
515
504
497
490
483
479
473
463
454
452
450
445
448
450
449
455
480
503
521
500
518
517
507
497
494
501
493
490
481
481
479
470
465
461
460
462
459
453
453
451
452
448
442
445
445
446
448
444
442
443
443
444
441
438
438
441
439
439
440
437
437
436
438
438
437
433
431
431
435
434
434
433
432
427
431
432
425
431
437
437
437
437
439
433
435
433
432
430
432
427
422
425
420
425
427
434
438
435
434
448
471
494
487
490
470
464
464
459
457
453
450
439
437
438
433
425
427
426
425
425
426
420
419
417
420
422
420
421
424
425
424
423
422
418
420
423
422
421
421
419
425
426
425
426
425
423
424
420
419
422
430
437
440
433
431
426
425
418
417
413
410
410
410
410
410
409
411
409
405
405
403
401
406
438
458
447
444
431
424
421
426
437
434
438
433
428
426
423
425
425
424
420
418
416
420
420
418
415
413
411
415
415
413
408
408
406
411
409
408
401
406
406
411
410
411
410
411
407
404
405
410
408
413
412
408
405
405
409
408
407
408
407
408
422
428
431
439
439
435
427
429
429
425
425
419
422
427
423
426
425
418
416
420
417
418
418
416
414
418
420
421
420
414
413
417
418
416
418
415
414
416
417
419
421
419
413
414
412
413
414
409
407
407
406
409
412
412
413
413
410
411
409
409
409
408
408
409
407
406
408
412
414
418
422
418
419
421
424
425
426
419
421
423
425
429
428
425
422
423
423
422
416
412
410
409
406
410
408
408
405
402
403
404
406
405
401
402
398
401
404
401
396
396
397
400
397
395
393
393
394
395
393
389
390
391
392
394
392
389
390
395
393
393
389
391
393
395
389
391
390
395
394
393
391
394
393
396
395
393
392
393
394
406
419
420
418
419
412
410
414
410
406
404
401
401
401
399
396
394
391
393
390
391
395
393
395
397
394
396
396
400
402
399
400
398
401
403
403
398
399
399
405
406
407
406
404
402
405
405
404
398
400
401
403
404
400
400
399
403
404
402
396
396
396
396
396
400
399
398
398
395
395
396
396
396
396
391
391
393
393
393
390
387
386
388
388
388
387
385
382
383
382
383
382
380
379
379
380
380
380
377
376
379
377
380
378
379
376
379
380
382
385
385
383
386
386
390
389
389
388
388
390
392
391
390
390
390
390
393
392
397
396
396
401
403
404
401
403
403
402
401
400
395
394
395
396
394
393
391
392
390
396
397
398
404
403
405
409
403
403
404
407
409
408
406
412
422
422
416
413
414
412
413
419
423
426
429
426
423
416
416
420
417
411
409
408
410
411
410
407
401
403
402
407
412
413
412
410
412
413
410
405
399
396
392
390
398
406
403
398
399
396
400
401
400
396
396
396
396
395
392
392
393
393
389
388
388
389
388
388
389
388
385
384
387
378
378
376
379
379
376
376
378
376
379
382
381
380
380
379
387
388
387
387
389
392
395
388
388
394
401
401
399
395
400
402
397
400
405
403
399
399
398
398
396
389
389
389
390
386
381
382
384
383
383
377
380
382
384
383
382
380
382
381
381
383
384
380
382
382
383
383
382
379
381
380
385
394
394
390
389
388
392
394
395
395
395
392
388
387
384
387
386
385
391
389
387
388
385
385
388
386
386
385
382
380
383
387
386
385
385
386
387
387
389
388
387
386
386
383
385
383
380
378
378
381
381
380
384
384
385
382
382
384
384
383
381
382
388
385
382
387
384
379
384
401
415
407
404
400
396
394
396
395
390
388
387
390
389
385
384
383
385
385
384
381
380
380
379
379
376
374
374
374
374
370
370
369
371
374
383
384
383
385
390
393
393
394
404
400
398
396
397
397
397
395
393
392
390
387
388
387
390
390
396
396
396
397
399
402
406
408
409
412
412
412
411
410
409
420
424
431
436
432
433
427
428
430
431
433
433
437
443
448
446
441
440
440
437
432
435
437
443
444
441
445
452
454
452
449
447
447
450
454
457
457
466
468
463
463
460
466
467
458
452
444
438
435
439
450
464
455
456
458
452
454
450
450
448
447
451
456
459
463
462
459
455
447
444
444
441
439
438
436
435
438
446
460
469
472
476
474
473
463
459
460
459
460
469
471
472
472
475
478
479
473
468
465
464
460
457
451
449
448
445
445
446
445
451
464
481
499
514
508
495
496
488
483
477
469
464
462
458
455
454
454
453
455
456
459
463
482
505
566
592
579
561
540
549
528
514
503
509
497
494
486
481
475
470
464
460
458
459
461
464
467
463
463
466
469
476
483
494
498
495
484
477
477
473
477
480
488
501
503
507
505
501
490
485
481
479
482
490
492
508
520
536
539
553
556
546
541
532
518
519
516
517
516
517
516
510
498
488
485
485
491
507
493
491
492
490
497
505
499
500
504
508
508
514
519
512
511
507
495
486
480
479
480
479
483
479
477
481
479
481
483
480
484
482
484
479
476
477
477
479
480
477
476
474
472
469
471
472
474
474
474
474
466
465
469
472
476
480
487
485
487
493
496
501
500
491
490
487
489
490
495
500
495
489
479
475
471
469
474
475
476
471
466
470
476
477
483
479
479
486
489
489
484
482
484
487
489
492
481
481
481
481
482
494
500
507
503
498
494
492
487
480
472
470
464
461
461
464
471
486
518
525
521
519
506
497
489
483
478
470
471
465
464
466
460
466
475
479
488
498
527
529
522
518
507
495
511
833
663
597
573
561
546
532
510
502
496
488
494
493
488
486
482
477
473
474
479
486
496
504
501
505
515
516
523
515
508
505
508
521
520
521
509
506
521
544
558
565
558
542
548
551
551
537
525
523
525
533
539
529
523
531
541
547
545
532
522
533
533
534
538
543
539
526
525
529
526
519
515
517
509
503
501
506
510
513
516
516
506
504
507
501
493
493
491
486
489
493
491
483
481
481
482
494
497
511
536
542
554
542
525
532
524
520
530
530
530
519
513
504
500
497
495
495
489
490
496
503
504
503
500
502
499
493
489
495
509
509
511
508
512
524
523
526
533
526
515
502
488
480
476
472
476
475
474
475
484
503
528
547
524
524
520
520
523
530
528
523
525
528
519
522
524
520
519
510
510
513
520
528
528
534
544
551
536
540
543
540
531
519
510
506
503
504
496
492
486
488
484
490
490
518
530
532
520
506
505
506
503
505
502
508
507
507
509
505
503
500
491
490
490
492
501
501
491
487
494
498
507
508
504
515
521
521
519
515
510
504
504
505
502
499
498
503
543
554
547
546
540
530
532
526
523
530
519
516
518
513
506
510
509
499
507
516
521
523
511
521
521
516
513
509
511
511
514
504
508
504
495
485
486
482
481
486
486
488
486
485
488
488
495
498
497
493
495
490
483
480
476
479
484
485
487
489
500
499
495
487
487
485
480
486
487
490
496
498
498
500
502
509
513
507
501
499
495
490
486
483
482
479
482
485
490
487
484
482
481
484
492
491
499
497
491
489
500
503
518
521
519
525
525
518
513
513
503
495
488
480
482
485
490
494
498
504
514
521
515
521
531
521
526
522
522
510
516
515
510
507
514
519
509
510
508
505
507
507
506
501
498
501
501
503
506
501
498
504
503
503
515
513
510
509
501
506
504
505
505
509
505
501
493
489
482
479
476
471
474
474
481
495
500
524
548
600
605
558
528
528
531
530
528
521
517
509
490
485
484
481
485
487
496
494
489
487
486
486
492
506
510
512
518
511
511
509
500
490
493
492
493
493
498
500
496
493
502
501
495
490
492
485
481
482
484
490
493
498
503
515
516
528
537
521
508
504
501
497
491
495
493
495
504
523
535
533
544
542
549
551
554
550
545
546
551
538
527
517
518
517
518
519
519
522
526
532
528
520
509
499
494
490
486
487
483
480
482
501
523
531
531
521
515
509
499
493
488
487
501
516
530
515
514
528
559
590
567
568
561
564
547
531
519
510
505
498
494
490
490
491
493
493
496
517
542
554
553
576
595
600
592
578
567
558
542
536
532
534
560
563
546
557
560
555
553
557
568
570
570
564
556
548
545
538
535
533
528
521
513
504
500
519
533
534
563
598
602
587
570
547
538
529
524
519
512
507
502
508
522
549
575
584
573
566
566
555
547
546
542
544
533
521
518
520
526
534
568
589
594
584
593
577
563
561
557
552
542
528
515
508
511
533
561
569
595
587
581
589
596
596
606
605
592
566
568
563
547
551
545
533
523
519
519
520
523
535
531
519
520
538
556
551
548
542
531
520
511
500
493
484
477
473
468
466
463
467
470
470
462
457
456
457
455
455
453
448
450
449
450
447
446
443
444
448
443
440
435
436
436
431
426
425
424
425
420
419
414
415
417
415
415
412
409
411
411
414
411
408
409
407
410
411
412
408
407
410
411
409
409
403
404
403
402
404
401
399
396
397
394
399
399
399
396
396
396
396
396
398
396
397
394
396
392
395
395
394
393
393
387
390
386
388
387
386
384
383
379
383
379
383
380
377
379
377
375
376
376
377
377
372
374
371
371
373
375
375
373
369
371
370
367
368
363
371
372
372
373
372
372
370
368
368
367
370
371
370
366
363
365
370
369
368
363
365
364
366
366
365
363
361
364
364
364
359
360
359
360
361
364
361
359
359
359
361
360
358
358
359
360
360
357
358
357
360
359
361
359
357
356
361
362
362
359
357
361
362
362
359
358
359
362
362
360
360
359
361
363
364
359
359
359
360
363
361
360
359
357
358
359
361
356
355
356
359
356
357
354
356
354
357
357
358
354
355
357
354
358
359
358
354
356
356
356
358
359
355
354
354
356
356
354
352
354
351
351
355
355
356
356
354
355
355
356
360
356
361
360
357
356
358
359
362
360
363
359
360
362
364
365
363
361
362
361
362
362
361
363
361
359
361
357
359
367
369
365
362
368
370
369
370
370
369
369
364
362
361
364
364
360
362
361
357
357
359
359
359
360
357
357
356
361
362
362
359
358
359
362
362
358
357
355
358
357
356
354
354
351
354
355
355
354
353
351
354
352
351
356
360
359
361
359
359
359
361
363
362
357
358
359
359
361
358
358
357
357
357
357
354
354
353
354
355
355
353
353
356
356
358
357
355
358
363
361
357
357
358
359
362
357
358
357
359
358
359
357
355
356
355
358
359
359
356
355
358
357
360
358
360
357
359
358
361
361
361
360
360
360
362
361
363
366
369
367
366
367
366
369
369
371
365
366
364
363
365
365
362
360
361
360
363
364
366
364
365
365
365
367
369
371
368
367
367
368
370
370
366
366
366
367
367
365
363
362
365
366
365
363
365
363
363
363
366
366
362
362
362
365
367
365
363
362
362
371
372
370
370
373
370
367
368
368
368
365
365
363
364
361
368
366
367
366
369
368
369
367
368
368
370
369
369
368
368
367
368
375
377
377
375
372
374
370
370
371
376
372
373
370
371
368
368
369
372
370
372
369
371
370
373
370
371
371
379
382
384
386
389
387
389
380
378
379
378
378
379
378
380
375
376
372
375
389
397
396
395
389
386
385
389
395
395
395
386
384
384
385
386
382
380
381
380
378
380
375
373
375
378
377
378
378
376
375
381
378
377
374
372
374
373
370
369
368
365
368
368
366
362
363
364
366
366
364
362
363
363
365
361
361
360
363
363
362
361
360
364
365
366
364
365
363
364
367
372
370
369
368
370
372
373
374
372
370
373
375
376
370
373
370
374
375
373
371
373
372
375
377
375
372
375
372
374
373
373
371
373
371
371
370
371
373
373
373
370
372
370
372
373
371
367
367
366
365
366
362
361
360
363
362
362
359
360
359
359
360
360
357
357
358
358
359
358
357
356
356
357
357
356
354
355
352
356
364
365
363
364
364
365
364
359
357
358
358
358
358
358
358
358
355
359
360
360
359
359
361
361
360
360
360
360
360
356
354
357
359
359
355
357
357
361
360
361
360
359
360
362
365
365
365
364
366
369
363
364
366
363
364
362
361
362
361
360
359
364
361
366
362
363
364
366
366
366
365
364
366
367
367
365
365
364
364
365
361
362
358
362
360
359
362
359
359
360
357
360
360
357
357
357
355
356
354
353
352
352
352
351
348
351
346
346
342
345
343
343
339
341
341
340
339
340
335
338
334
337
337
333
334
332
332
335
334
328
333
328
334
330
331
327
330
325
330
328
330
325
328
321
328
326
328
325
322
324
318
327
323
324
321
322
318
322
321
320
322
319
316
320
318
320
318
317
313
320
318
319
314
314
318
316
320
316
312
317
318
313
314
315
317
314
312
313
313
314
312
311
311
314
311
312
311
312
311
308
310
308
311
310
303
313
311
307
308
307
308
305
305
312
305
304
307
305
305
305
305
307
304
304
304
304
306
305
304
300
306
300
304
305
303
303
305
307
301
302
304
307
302
303
304
308
302
300
306
306
310
307
306
308
310
313
307
311
313
314
310
313
313
316
313
314
314
317
320
316
319
318
318
268
377
338
324
331
328
332
333
330
329
329
332
333
332
334
336
337
336
334
334
333
337
332
333
331
330
337
338
335
337
335
339
339
341
340
340
339
340
343
340
340
341
338
343
343
344
347
346
345
344
344
349
351
346
346
347
349
351
346
346
345
350
345
345
344
347
345
344
345
347
349
345
347
346
352
347
348
346
349
355
356
354
354
354
355
352
353
354
352
352
351
357
353
354
353
356
355
354
354
355
356
353
354
353
354
352
349
349
351
351
352
353
352
353
354
354
353
351
351
354
352
352
351
350
355
358
354
356
357
361
359
359
359
361
361
360
359
361
361
361
359
362
366
361
362
364
367
367
366
366
368
370
373
376
376
374
374
376
372
371
369
371
373
370
369
370
372
376
373
373
374
373
377
372
372
372
370
369
367
368
371
367
366
366
367
365
365
363
367
364
363
363
364
367
367
367
365
366
370
367
366
364
367
368
367
369
368
370
371
372
373
373
374
378
377
377
379
380
379
378
379
378
377
379
379
379
379
380
381
380
381
382
384
383
383
384
383
383
382
382
383
383
383
383
381
382
381
380
378
380
380
384
387
390
392
395
396
396
399
404
407
413
412
415
414
416
414
416
415
418
414
407
404
410
407
403
402
404
406
412
407
402
404
408
406
404
403
400
398
398
396
396
396
398
399
403
405
406
407
410
412
404
402
406
407
403
400
404
407
408
409
405
404
411
411
405
404
406
408
408
410
411
407
404
403
405
402
399
398
401
398
395
395
394
405
416
411
411
413
420
421
421
424
425
419
421
429
428
424
426
433
437
431
431
437
439
440
437
440
449
451
454
449
448
457
463
461
454
451
449
445
442
437
437
435
432
431
430
431
429
426
428
430
431
420
423
428
431
426
430
433
433
438
436
439
445
449
451
452
447
449
448
448
446
447
448
441
443
444
442
442
442
438
437
440
440
441
439
443
448
452
456
458
459
457
450
446
446
449
450
450
452
454
450
451
453
455
461
470
474
473
473
471
471
459
455
455
458
460
462
468
468
458
467
473
479
483
484
483
473
474
476
481
480
472
475
485
493
495
499
491
492
492
489
486
479
480
486
485
479
482
485
490
478
483
483
485
483
479
475
464
466
465
462
465
465
467
466
468
461
460
461
459
459
459
453
457
459
456
454
451
451
453
453
449
452
456
460
464
471
469
463
470
475
473
475
476
474
466
468
468
469
467
468
464
470
479
484
490
486
484
490
494
500
506
508
510
500
499
507
503
499
497
483
486
490
492
495
500
498
505
510
505
512
516
517
519
514
503
504
503
499
499
495
489
492
495
503
507
497
499
504
506
508
513
512
511
507
497
498
496
499
502
499
490
495
497
499
495
492
497
505
501
499
505
511
502
506
510
507
501
505
511
504
498
501
506
500
500
500
502
494
497
498
500
496
500
508
510
504
507
511
514
507
510
512
517
510
515
519
516
516
518
517
511
510
513
516
510
509
509
510
512
510
509
512
517
511
511
515
520
512
513
516
520
513
516
521
522
515
518
519
521
512
514
518
519
510
513
514
513
503
504
506
508
504
506
507
509
502
503
505
506
501
501
505
508
504
503
505
507
502
501
505
505
501
510
518
518
512
516
516
514
509
510
513
517
517
518
519
507
506
503
502
500
500
500
500
500
495
488
489
488
491
489
487
494
502
499
503
510
524
525
521
521
523
521
514
510
509
511
505
505
505
511
510
503
505
503
504
510
515
515
522
519
514
503
503
503
499
493
496
501
490
492
490
492
492
493
491
487
486
485
479
479
478
473
468
465
466
461
462
461
457
458
459
460
461
464
469
474
477
478
480
481
484
483
480
482
485
486
486
487
491
492
490
490
490
492
488
489
492
493
501
498
497
500
499
500
494
485
485
480
475
475
479
480
479
478
480
479
482
480
483
483
483
486
477
476
478
482
482
487
497
519
521
521
535
533
532
522
513
509
510
500
499
500
498
494
492
492
491
489
491
494
496
501
510
506
508
513
508
506
504
502
500
497
497
498
497
497
500
507
509
520
522
527
529
532
535
528
524
525
519
515
508
506
498
499
497
494
499
495
498
499
497
497
504
506
508
510
525
533
535
528
524
529
520
512
516
514
511
510
506
503
498
493
488
486
494
508
537
648
630
603
574
556
542
526
516
510
509
504
501
503
509
506
515
523
521
518
517
512
503
497
491
489
487
487
485
487
498
532
568
552
547
555
551
547
552
550
543
534
530
528
525
524
522
518
511
506
502
499
505
510
523
589
604
593
581
571
569
557
543
533
531
521
517
513
508
503
509
540
581
563
549
539
529
517
509
502
500
506
521
536
547
582
604
571
562
572
566
555
551
544
536
527
522
519
510
510
505
501
500
503
508
510
516
531
548
541
531
531
528
526
525
525
525
527
529
523
523
523
523
523
526
520
517
518
521
531
544
552
547
545
541
535
527
520
510
507
506
513
527
542
570
609
607
607
597
573
563
558
553
548
542
536
532
531
527
520
518
515
511
508
504
505
505
514
518
529
552
571
567
558
552
562
552
546
542
540
529
522
517
516
514
511
508
508
504
501
503
502
506
513
521
534
544
549
553
547
546
540
535
529
523
524
521
520
515
512
508
503
499
499
507
522
538
555
583
614
586
577
570
556
547
541
539
533
529
523
518
516
512
507
505
504
511
528
532
526
528
522
519
519
518
518
514
516
520
528
532
532
529
524
524
519
515
512
508
508
506
508
518
535
566
586
568
572
572
563
552
540
531
522
513
499
495
489
485
481
483
483
490
492
500
498
501
504
507
513
514
514
515
518
516
515
515
514
510
510
511
514
520
527
532
536
543
553
554
547
553
553
547
542
536
532
524
519
516
514
515
516
518
527
535
545
550
552
549
557
557
550
545
541
532
527
522
521
521
516
518
515
514
513
519
525
532
540
549
553
555
553
548
546
536
528
525
520
514
510
502
498
490
486
481
483
502
546
559
588
540
540
539
562
592
590
582
574
569
556
548
541
534
526
521
516
513
509
505
504
503
504
507
510
519
538
546
551
560
553
547
542
542
544
542
540
537
532
527
523
520
519
519
517
514
513
511
512
520
548
574
653
670
641
590
569
558
550
536
526
518
511
514
506
503
498
498
499
501
501
507
511
509
508
516
512
510
509
500
499
493
493
492
499
502
502
501
502
501
501
508
519
531
534
552
537
536
540
544
547
548
541
537
532
523
521
517
515
511
510
513
518
540
556
597
599
592
587
585
574
561
553
547
537
529
524
519
517
515
519
520
518
521
517
521
514
513
515
516
518
517
513
511
505
514
539
530
532
532
527
522
518
513
506
501
496
497
502
521
536
554
556
568
577
584
587
572
564
564
561
552
542
539
538
534
532
528
524
520
511
506
501
498
498
503
504
518
549
643
666
627
597
606
589
577
566
559
552
545
541
535
529
521
517
514
512
511
512
511
513
513
521
522
523
523
529
536
554
568
567
556
556
555
551
542
536
532
528
528
530
530
528
528
530
535
542
545
540
539
540
539
535
538
537
538
534
539
537
533
529
523
520
515
511
514
526
559
593
607
608
597
599
589
579
568
556
543
532
522
514
506
501
496
494
494
496
496
494
493
490
490
493
510
545
581
574
560
540
533
531
523
516
511
507
505
503
505
505
512
522
530
531
529
535
542
553
554
548
542
536
525
520
512
511
508
510
519
536
562
549
541
540