748
710
663
631
626
623
610
615
650
697
729
768
800
820
836
738
691
634
616
631
665
738
746
792
827
733
682
650
607
597
622
677
715
696
739
754
772
793
821
836
835
856
794
789
720
682
669
673
725
770
803
795
785
799
763
702
685
703
729
733
732
775
757
751
711
688
673
674
688
656
658
682
809
751
772
791
778
813
814
791
744
733
708
664
695
684
721
749
781
867
963
924
824
816
761
719
715
720
745
728
709
709
702
708
712
709
702
696
682
678
646
606
612
688
781
983
991
889
805
734
707
721
738
761
729
713
703
693
701
690
696
689
694
726
793
860
912
911
848
747
688
711
702
755
771
751
740
747
752
724
712
683
652
644
650
628
664
740
783
773
706
707
730
727
729
710
697
661
642
622
615
641
640
661
685
701
715
723
719
733
715
725
697
677
669
666
661
657
641
628
618
620
624
627
614
604
594
583
583
567
577
581
584
565
574
585
590
621
628
604
616
623
630
601
598
576
556
573
585
600
619
674
691
665
625
623
618
613
616
623
620
612
601
601
606
610
605
618
620
628
626
633
598
606
609
621
642
653
649
640
622
588
591
579
579
576
607
627
701
704
724
741
738
730
669
647
623
611
597
596
603
601
617
621
617
590
589
575
574
553
539
537
541
567
733
728
763
740
749
728
675
665
646
671
663
670
656
634
630
639
634
612
590
573
570
572
580
581
561
552
539
529
547
559
588
632
653
621
582
574
564
565
565
557
577
577
594
596
603
597
582
575
556
563
562
549
563
574
629
711
689
701
666
640
609
611
612
627
615
611
598
592
557
569
570
569
577
559
584
564
553
579
599
610
606
603
594
588
579
550
548
563
568
577
590
587
584
573
550
545
548
543
567
642
699
746
738
725
624
620
633
653
688
687
661
659
647
646
633
621
586
607
600
618
593
643
639
676
671
684
675
665
654
644
601
593
596
593
600
610
614
630
640
688
676
607
640
653
640
637
637
646
625
648
642
643
622
637
633
619
621
622
604
643
655
639
683
687
701
672
679
682
649
661
643
629
625
638
632
618
651
659
657
653
672
661
628
626
612
614
595
602
578
570
587
617
627
679
695
698
642
663
654
629
638
642
629
626
633
614
617
619
609
608
619
631
647
630
607
595
590
566
562
565
621
721
760
732
753
724
680
680
675
662
644
651
647
635
596
601
598
608
604
603
636
647
668
671
733
719
668
654
638
615
619
620
612
599
659
678
681
640
628
613
607
630
623
602
592
595
630
683
688
638
649
645
668
659
648
637
606
585
599
589
588
576
583
581
571
546
552
563
588
592
614
637
662
613
612
607
607
590
595
577
602
597
604
606
590
566
561
560
557
555
542
534
529
540
555
584
617
662
657
608
580
588
583
583
568
580
587
593
572
564
571
578
574
570
581
585
570
567
569
580
576
597
610
624
604
635
625
648
640
603
598
590
574
569
536
553
548
560
588
611
679
704
716
692
645
629
624
602
582
585
580
559
563
549
542
536
533
536
532
526
525
529
533
532
526
532
536
541
533
530
523
518
527
532
541
552
549
544
539
540
536
531
523
518
509
510
507
503
500
507
509
503
495
504
521
570
587
558
573
581
594
587
576
568
558
552
534
539
542
548
545
531
539
537
536
536
528
524
528
522
518
511
522
525
524
518
525
529
530
518
522
524
528
518
521
519
517
509
508
511
514
506
512
513
516
513
504
512
512
504
500
506
505
502
508
509
501
505
507
506
498
499
499
501
497
491
495
499
498
495
490
482
487
490
488
485
485
492
499
496
499
504
507
498
497
502
509
501
508
519
528
531
538
548
540
533
538
539
530
529
529
527
529
520
525
523
517
504
508
506
507
507
508
499
510
518
521
512
515
512
518
513
505
496
497
498
488
489
492
490
491
500
500
506
509
500
508
512
517
514
505
510
511
511
511
498
500
498
499
495
495
485
484
484
482
484
488
516
496
507
500
500
511
519
509
508
510
500
508
509
507
509
512
512
500
505
501
499
501
492
487
490
494
492
492
488
480
490
500
514
516
519
510
508
507
507
509
516
513
508
513
521
510
506
510
510
495
496
499
503
501
494
500
500
502
502
495
495
497
501
500
500
498
495
490
483
489
491
490
491
497
503
507
500
506
506
498
494
500
500
491
495
496
494
490
496
495
488
493
496
498
497
491
495
496
488
491
490
491
479
476
479
480
477
479
490
503
499
503
509
516
519
530
529
516
512
511
512
514
517
510
511
513
509
501
489
492
491
488
489
482
482
486
480
488
488
489
488
487
479
480
484
487
479
488
493
490
486
487
490
482
477
480
483
475
471
479
481
477
481
484
485
485
481
475
478
480
475
479
479
485
484
482
483
485
483
478
480
482
475
471
475
479
480
471
471
478
481
475
473
479
487
487
486
480
489
493
487
485
475
471
475
476
470
466
470
473
466
462
467
472
464
467
473
471
465
465
469
475
476
468
466
470
477
469
465
468
469
467
463
465
466
465
462
459
456
451
450
456
471
480
482
479
476
479
485
487
490
482
479
484
488
489
485
479
475
472
474
486
495
502
496
506
509
513
513
515
512
506
504
504
489
493
479
487
492
499
486
492
492
485
486
487
481
488
494
495
485
490
490
487
481
483
482
479
471
467
465
466
459
454
453
455
459
466
479
488
486
479
483
481
483
489
486
481
486
490
476
476
474
473
471
463
460
464
466
459
457
463
469
466
461
465
469
471
474
476
471
474
469
468
470
473
477
481
478
473
477
481
476
472
474
478
474
466
463
460
466
477
477
479
477
479
483
482
479
474
476
478
476
468
465
469
475
474
470
470
472
473
466
470
474
472
472
477
479
477
484
492
490
482
481
483
494
483
484
481
489
481
476
469
471
481
477
474
480
502
506
499
490
495
512
503
494
491
496
516
522
521
510
513
515
519
514
507
497
489
483
496
501
520
518
541
692
667
714
661
620
617
593
559
549
566
541
545
543
582
588
568
559
556
559
537
546
552
543
545
552
594
585
593
597
636
617
581
582
570
546
555
555
600
617
651
728
687
695
665
657
662
640
596
613
633
713
664
672
701
729
740
735
710
682
648
631
615
606
607
604
654
656
661
629
578
590
578
638
644
652
637
609
586
567
587
622
729
751
798
780
796
807
785
760
722
706
689
673
650
622
612
599
587
578
571
583
605
653
676
737
794
892
866
794
730
704
728
695
638
622
604
562
580
571
595
562
574
609
580
607
601
621
614
598
601
573
587
591
624
635
641
619
594
584
581
578
569
564
585
618
686
749
725
754
727
700
683
670
658
646
579
617
587
631
660
662
665
640
626
613
622
621
610
623
593
623
594
578
566
558
548
565
560
560
565
563
556
550
536
524
521
529
534
537
539
524
538
535
528
524
527
526
514
508
511
514
515
513
512
508
502
502
504
504
511
512
509
506
507
513
516
517
512
518
521
516
509
510
515
517
507
503
511
519
527
526
517
523
523
512
515
512
518
518
519
515
507
509
504
495
492
494
499
505
507
504
503
511
515
525
536
544
551
536
521
521
521
518
518
507
518
514
509
510
503
497
502
503
505
499
489
485
482
489
497
504
497
499
506
511
509
501
503
507
500
492
493
499
501
493
487
495
499
489
484
488
496
490
489
495
500
497
503
510
510
507
505
507
508
501
497
501
504
501
496
496
502
508
507
504
506
507
510
500
497
504
504
501
495
489
485
486
487
489
492
488
486
496
507
509
503
501
510
520
523
517
512
515
515
512
498
488
480
478
483
492
493
485
492
493
495
492
493
499
512
522
524
519
524
526
524
515
517
514
511
505
500
494
497
495
495
492
488
499
500
499
493
490
500
506
504
502
501
510
521
519
517
519
525
529
509
510
510
513
508
496
492
496
502
508
508
502
505
509
518
528
518
512
515
519
520
515
515
521
521
528
521
515
520
521
527
519
515
516
517
522
512
503
501
500
501
498
487
491
492
498
498
494
494
504
521
534
530
520
519
521
522
513
505
501
509
506
506
521
526
535
538
543
531
518
521
521
523
524
528
517
507
507
503
500
493
493
497
502
517
517
508
517
521
523
521
519
523
523
521
510
506
507
511
513
504
502
501
513
522
529
521
527
538
543
534
522
523
521
521
512
505
507
505
506
500
498
508
509
505
500
504
507
513
510
509
518
524
519
515
519
519
509
505
498
498
496
491
486
477
472
466
462
473
490
507
520
509
509
517
521
512
507
507
507
496
493
495
497
490
484
485
485
484
482
476
472
476
482
481
480
481
487
498
503
497
493
500
500
501
493
493
498
506
501
497
501
504
513
508
508
514
516
510
505
507
511
514
505
501
505
505
508
504
509
519
530
522
516
523
523
524
511
512
509
515
511
506
509
512
516
509
504
494
494
496
504
508
511
519
521
521
509
505
507
508
502
495
494
499
503
504
499
502
508
516
513
512
516
520
524
515
512
516
519
508
502
501
502
501
494
492
495
501
508
501
497
496
503
516
533
543
533
521
509
499
500
500
497
491
495
500
499
495
494
504
509
508
498
494
495
498
497
487
489
490
488
487
491
488
486
495
500
497
501
509
511
509
509
499
498
502
505
506
502
501
506
516
519
513
512
515
524
530
526
525
528
533
519
519
521
526
518
507
508
511
523
567
562
544
533
533
529
527
517
514
510
502
498
493
491
490
495
522
562
553
551
563
612
579
563
561
585
580
576
548
553
562
597
623
642
724
695
713
733
729
712
722
704
704
678
675
648
661
654
667
662
646
623
569
577
584
616
687
700
661
658
660
682
675
665
641
614
605
609
609
630
615
617
640
674
671
732
695
705
710
710
683
683
689
681
658
652
656
641
633
646
617
628
649
660
659
655
762
732
734
682
661
625
615
618
623
632
621
607
634
626
620
574
578
573
601
614
644
635
621
615
620
623
619
601
594
574
584
572
569
563
548
538
549
563
569
555
551
544
531
526
537
546
558
540
541
539
549
547
539
529
533
551
609
679
629
629
625
649
647
604
602
614
636
649
669
656
648
633
611
602
592
594
599
604
616
624
631
631
622
618
604
584
585
576
585
600
610
725
662
647
587
563
549
544
529
521
522
523
529
523
533
530
526
519
519
510
509
502
506
501
503
493
496
494
483
481
484
481
479
472
472
472
470
466
459
460
460
455
454
449
441
442
447
445
445
445
439
441
444
444
439
438
440
444
439
440
441
444
441
440
440
444
445
444
443
443
448
448
442
443
449
446
442
438
440
444
437
435
439
439
436
435
436
438
435
433
433
435
436
434
429
429
431
429
424
421
424
427
421
416
418
420
420
414
414
416
416
412
411
413
416
412
409
412
415
412
409
408
413
413
413
411
407
405
407
410
405
402
404
407
407
403
400
401
404
406
403
400
404
406
402
399
403
409
410
410
412
410
407
406
409
417
415
409
407
409
415
410
406
403
404
409
408
404
401
404
410
405
403
401
406
409
402
401
403
411
404
401
401
403
405
404
399
398
401
400
396
395
397
400
396
394
396
397
398
396
393
396
398
395
393
394
397
398
394
392
396
398
395
394
396
402
398
396
397
404
399
398
398
403
397
395
396
398
396
392
393
396
394
390
388
391
394
389
387
388
388
389
391
388
387
385
388
389
388
386
384
386
389
386
386
387
393
387
390
391
395
392
389
391
394
394
393
390
393
395
393
390
391
393
395
391
387
390
392
388
386
389
392
390
387
387
387
390
388
386
389
391
387
386
386
390
390
388
390
394
394
389
391
394
395
396
394
393
392
395
396
392
390
393
395
394
393
391
389
384
386
386
387
383
384
387
391
385
384
385
387
391
389
387
388
390
395
394
391
390
391
396
393
388
388
389
390
388
386
388
391
390
387
386
387
392
388
385
387
389
390
387
385
389
392
388
389
391
397
393
391
391
393
395
390
387
390
393
392
388
385
387
386
390
387
384
382
384
389
383
382
380
383
387
383
381
385
386
386
384
385
388
388
384
383
386
386
385
384
387
390
384
382
384
386
381
379
379
381
377
376
376
378
374
373
374
380
375
374
374
378
378
380
380
377
378
382
383
379
379
382
384
381
380
381
388
382
382
385
385
381
380
380
382
378
378
384
377
381
383
378
379
381
381
379
379
383
382
383
382
382
380
379
381
385
383
380
380
382
384
381
380
382
384
380
377
381
382
380
376
380
384
380
378
380
383
385
384
386
387
394
394
393
392
393
397
397
396
393
392
398
392
389
388
394
387
387
389
392
392
386
388
388
394
388
389
397
395
395
393
396
398
399
395
395
397
399
395
395
397
394
391
393
395
392
387
389
392
389
384
384
387
386
383
382
384
389
385
384
385
389
387
384
381
381
383
386
381
380
382
386
382
379
381
386
381
379
377
377
376
386
381
382
380
382
385
384
382
379
380
380
386
386
385
384
381
383
386
383
379
381
382
381
379
377
378
379
377
377
376
375
372
375
376
376
374
376
377
375
374
376
378
379
379
380
382
376
378
379
380
379
376
375
376
378
373
375
375
377
373
375
376
376
373
374
377
376
373
373
372
376
370
370
371
372
374
371
370
372
373
370
368
372
376
372
371
370
372
375
374
374
373
373
375
376
376
375
374
374
376
376
374
370
371
371
374
373
370
370
371
374
372
371
374
375
374
372
374
376
378
375
376
376
377
385
385
383
381
380
381
383
385
387
385
383
383
384
389
385
383
383
386
387
384
381
380
384
380
377
377
377
380
374
372
374
379
373
373
371
373
374
373
370
371
372
373
375
372
371
371
370
375
375
377
374
373
374
376
375
373
373
374
374
370
372
374
368
370
370
368
365
368
368
364
364
366
366
360
363
363
363
360
363
361
364
360
361
363
362
360
362
363
362
360
360
361
361
359
360
360
361
357
358
359
359
359
356
357
358
359
355
356
355
357
354
354
354
354
351
353
354
351
351
352
352
350
349
350
353
353
353
354
353
352
354
354
359
355
354
354
355
356
354
354
355
355
352
355
355
354
354
353
353
354
354
354
350
354
353
351
350
354
352
354
354
352
349
349
353
353
346
350
350
351
346
346
350
346
344
350
344
347
347
340
348
347
344
342
347
343
342
340
346
342
342
341
344
341
338
345
339
337
344
342
337
342
339
342
338
336
340
341
337
334
340
339
341
673
343
330
342
341
339
334
341
342
334
420
260
336
343
334
340
336
334
341
336
333
341
338
332
683
285
341
252
484
343
337
346
343
345
340
346
344
342
336
346
344
345
342
337
344
344
345
341
345
347
344
342
346
346
347
348
348
347
348
347
348
350
353
348
351
353
351
345
353
352
351
345
354
351
344
355
351
346
353
352
349
347
354
352
346
355
352
349
352
354
354
349
355
353
349
354
355
352
351
355
356
353
351
359
354
351
356
357
354
357
356
357
356
355
357
358
359
359
361
361
361
365
367
361
366
369
366
362
368
368
368
373
366
370
370
371
367
366
370
373
367
372
368
371
371
368
367
370
369
371
367
365
373
370
363
373
374
371
369
376
374
369
378
376
370
378
378
375
372
379
376
370
380
377
373
380
380
376
381
383
377
387
385
388
385
381
389
389
388
389
385
388
391
390
385
391
394
394
396
397
395
390
400
398
394
403
402
398
407
404
401
412
409
407
414
421
422
425
422
417
424
420
417
419
419
418
415
420
416
416
416
421
418
416
418
419
417
418
417
417
416
422
422
421
414
424
423
420
419
421
427
431
426
427
429
432
430
431
428
425
425
438
438
438
438
444
439
438
436
431
432
428
431
428
426
429
429
428
434
433
432
429
427
434
432
431
431
439
437
437
434
435
435
432
432
440
440
446
448
448
445
441
439
440
450
454
457
460
459
454
451
450
447
447
450
448
449
444
454
448
450
449
446
440
450
441
440
441
439
435
438
438
439
442
446
452
454
453
451
452
448
449
445
445
450
446
447
452
448
451
457
456
459
455
454
459
455
457
458
457
459
464
463
462
462
462
463
458
458
464
464
460
463
471
468
469
472
472
473
474
470
469
472
464
466
465
463
468
467
470
464
466
463
461
461
461
461
466
471
475
476
480
481
484
496
496
498
498
493
496
488
492
490
489
493
484
491
494
497
495
496
495
497
493
492
492
492
489
485
486
483
482
480
483
483
482
484
488
490
489
492
496
495
496
508
506
505
506
501
500
492
491
486
483
479
474
466
459
458
458
453
453
449
453
449
448
452
454
454
455
455
453
457
460
460
458
463
467
469
468
469
472
470
470
469
465
463
462
458
451
450
451
454
454
456
462
461
470
479
484
485
479
483
491
490
491
486
479
482
481
483
483
482
483
482
485
491
484
483
492
504
508
518
534
547
544
563
550
560
565
563
556
550
543
531
523
513
517
512
509
501
508
503
502
504
503
503
513
523
532
552
577
571
561
557
547
539
529
531
529
523
521
525
521
520
515
511
507
504
495
488
483
489
487
484
483
491
494
495
496
496
504
506
505
508
514
516
515
524
524
525
530
528
521
519
503
508
506
503
497
495
499
504
508
507
506
510
509
512
515
519
518
521
524
522
519
517
513
508
502
507
503
504
505
514
518
521
532
539
547
537
534
525
518
515
514
515
509
518
524
438
654
528
526
528
526
530
532
536
537
549
562
561
568
567
572
568
564
574
573
556
552
543
529
537
538
531
526
535
533
538
536
534
529
530
527
513
517
516
505
509
512
516
527
546
556
558
554
537
538
529
530
522
523
521
521
521
514
506
514
522
537
551
560
590
649
615
629
627
609
581
576
561
549
543
542
531
529
533
535
540
539
534
544
547
545
547
543
540
541
537
543
558
552
563
552
551
543
534
525
526
523
514
510
510
509
509
507
522
523
529
543
547
547
543
536
531
520
526
526
525
531
532
531
530
534
539
529
535
534
534
541
544
540
533
530
528
534
546
551
559
573
584
571
579
566
566
560
557
563
557
574
557
555
567
573
588
565
596
601
597
593
586
585
585
571
563
556
547
538
529
533
540
540
543
536
539
542
549
559
557
572
563
565
556
553
539
541
536
526
514
517
525
526
537
537
530
541
543
536
538
541
549
544
540
538
537
544
536
540
547
570
569
579
571
568
558
556
548
542
542
542
537
543
549
550
561
561
559
552
540
541
536
533
533
539
533
538
560
578
568
565
589
588
602
565
568
574
580
549
537
564
580
544
549
572
571
556
532
542
536
531
524
513
524
524
527
534
535
536
544
552
554
559
557
549
538
528
527
532
543
549
570
570
574
573
571
577
572
567
564
558
560
558
553
556
555
559
563
571
563
570
564
559
559
563
565
563
572
582
580
592
594
584
595
588
577
585
586
591
580
599
580
588
605
595
583
575
567
564
552
549
539
542
551
567
571
617
632
643
629
610
603
599
587
591
573
570
567
570
556
552
556
555
555
555
556
559
557
554
555
542
550
545
558
555
564
555
555
553
558
555
546
543
551
544
539
536
537
536
535
535
537
539
538
547
571
571
585
581
572
567
567
564
562
563
568
570
583
602
590
596
609
608
611
601
596
585
577
584
563
573
569
578
578
607
623
624
645
648
650
642
640
621
619
604
605
619
602
604
594
581
579
580
572
572
589
594
604
636
642
657
650
653
644
633
618
600
613
617
608
609
603
599
596
578
591
584
584
582
583
587
589
611
614
623
614
618
604
608
606
597
590
575
582
589
624
614
620
604
614
603
595
590
574
579
592
580
584
581
577
578
569
569
564
565
562
568
604
616
627
606
617
611
631
625
632
615
621
605
604
594
582
575
568
553
555
553
565
564
593
630
630
635
617
645
622
615
607
599
591
585
578
568
567
568
570
572
577
578
576
571
573
574
577
579
570
573
575
581
584
593
593
596
611
603
604
594
590
590
579
573
570
569
567
566
569
566
574
576
586
580
583
594
600
617
621
595
599
599
597
588
579
587
585
587
585
584
580
587
598
596
591
615
600
602
589
587
577
571
560
555
553
549
558
569
563
589
633
654
710
713
689
659
648
623
598
598
587
586
577
568
568
566
570
574
570
577
574
564
566
559
559
563
563
568
571
573
569
571
573
570
572
573
570
572
572
566
568
566
568
572
562
575
594
621
652
652
621
602
584
579
580
576
576
588
594
611
636
657
653
646
627
612
601
583
596
579
586
577
576
563
565
579
576
584
583
604
603
602
602
592
589
570
571
563
580
567
577
571
569
564
558
552
556
546
544
554
582
647
730
680
674
640
609
597
585
580
569
572
562
562
555
552
551
552
556
570
596
593
604
597
599
580
576
577
577
577
587
592
597
597
604
608
601
603
604
608
612
598
609
617
619
626
604
608
600
632
631
636
620
605
622
603
603
590
581
590
581
585
583
590
573
580
595
589
620
633
632
634
639
631
626
619
610
604
593
587
582
575
568
565
579
596
616
644
714
700
722
735
721
667
656
642
638
634
606
620
611
600
613
615
615
633
636
635
669
648
636
625
610
613
601
608
619
619
627
646
622
632
619
618
608
603
593
589
577
584
573
577
591
601
589
601
625
659
679
668
650
636
621
604
591
576
570
568
567
568
569
571
576
595
605
613
613
620
622
621
618
612
616
610
607
604
604
576
571
573
581
584
608
618
630
620
605
597
588
591
574
573
568
565
565
563
590
613
639
642
610
602
607
597
602
592
585