363
726
722
723
716
490
777
3167
476
747
710
679
657
649
664
695
753
767
780
764
747
714
687
681
696
695
709
766
802
834
846
833
774
761
501
895
681
706
733
780
892
961
978
951
921
807
788
747
752
769
440
332
754
745
730
725
734
747
769
757
733
722
714
676
669
680
691
715
761
726
834
825
854
872
834
853
854
813
738
691
668
718
767
809
863
887
906
832
788
766
843
905
924
839
830
825
809
804
807
791
771
759
748
763
812
883
852
841
805
780
768
738
754
762
781
769
790
785
737
758
838
881
814
805
794
757
758
770
826
804
805
813
804
813
819
793
756
692
653
628
621
648
693
729
772
823
803
801
759
699
711
666
633
633
665
653
671
655
650
659
651
642
615
608
603
611
612
616
604
611
614
620
595
612
600
602
594
596
600
608
612
620
620
610
604
601
597
598
599
589
581
574
569
567
563
569
574
589
605
621
635
651
656
665
655
660
653
657
654
652
646
634
626
625
615
618
618
617
623
622
623
629
639
632
626
624
612
607
597
599
593
588
597
614
604
623
619
632
638
634
619
601
589
579
574
576
578
590
606
635
648
659
667
649
629
620
614
605
603
592
581
572
564
569
570
579
589
597
587
564
557
577
615
642
622
623
617
619
617
608
605
604
596
588
583
574
575
570
572
571
578
584
579
584
579
580
577
577
581
575
578
498
632
565
565
574
584
604
621
629
644
645
622
608
604
606
614
611
610
606
604
602
608
614
613
614
609
604
603
597
593
593
584
563
555
562
583
606
639
659
659
657
636
614
589
588
581
570
566
563
334
390
308
594
636
655
688
729
683
679
420
375
409
299
305
278
3064
378
576
577
581
591
595
588
587
592
599
595
616
615
625
605
600
596
590
591
597
597
597
618
624
618
613
599
598
597
589
589
584
603
604
607
604
590
575
573
562
553
558
554
538
547
570
582
619
672
685
660
636
637
643
639
636
633
630
623
619
609
599
588
583
573
563
551
535
531
533
553
590
601
651
740
734
630
586
618
669
722
741
713
683
647
643
637
626
618
612
607
609
615
613
614
621
609
607
609
601
601
601
597
588
600
606
607
610
604
605
603
600
605
609
604
606
593
591
583
577
572
574
576
567
567
565
563
563
571
586
588
599
604
609
603
603
598
586
581
585
582
581
584
573
576
572
573
563
561
559
563
568
586
600
596
603
604
604
600
599
592
587
582
571
570
567
568
576
565
560
554
552
554
565
563
565
573
584
588
581
572
564
562
568
571
582
587
590
586
580
569
567
558
554
546
540
541
546
546
541
554
559
592
632
651
651
633
619
603
584
573
570
571
578
585
596
591
576
555
545
527
523
537
567
571
586
605
638
619
621
631
624
612
626
618
602
592
579
571
557
561
586
624
630
620
605
608
592
581
586
592
592
596
605
617
613
632
634
612
608
592
597
579
578
567
564
563
590
592
604
601
604
608
593
585
566
554
548
540
537
531
527
524
520
521
521
526
525
531
529
531
525
523
522
527
521
521
515
509
509
506
503
501
499
499
500
499
503
511
526
533
536
541
547
553
555
548
544
538
537
537
540
538
534
531
521
521
511
507
504
502
499
501
494
494
495
495
497
502
506
510
520
521
523
527
529
527
529
523
526
519
519
509
508
504
506
507
510
513
508
511
509
274
740
505
501
504
504
509
506
506
510
508
509
508
509
510
517
517
522
519
519
515
512
508
504
500
499
494
492
489
479
479
474
479
479
479
483
484
491
493
498
502
509
509
512
514
509
506
506
509
501
506
500
499
495
494
496
490
490
489
487
485
486
492
489
484
483
482
481
482
479
482
479
478
479
478
483
481
488
488
490
492
493
496
493
496
494
496
491
489
488
488
487
486
488
485
483
482
480
479
477
477
473
476
478
481
481
485
496
497
500
498
501
503
503
505
504
500
492
490
482
483
479
485
487
487
489
492
492
491
489
486
484
481
481
483
479
480
478
480
482
479
477
479
479
476
479
478
478
477
473
474
472
471
470
472
476
478
481
483
485
486
496
493
498
496
503
505
504
504
505
505
503
497
495
488
480
470
468
462
458
455
456
450
450
452
450
450
450
452
448
452
452
453
453
452
455
453
454
457
457
459
461
460
462
458
456
456
459
456
461
464
462
468
465
467
462
464
461
459
465
462
458
459
457
461
456
455
457
454
456
453
454
454
455
458
457
461
461
463
469
467
472
471
475
478
478
479
475
472
465
464
461
460
461
461
462
462
466
466
469
471
471
475
473
476
474
472
470
470
471
465
472
471
470
471
470
470
467
468
467
467
469
467
467
463
467
471
474
475
475
480
476
475
474
468
465
464
459
460
454
458
458
459
460
461
462
460
465
457
459
456
455
456
452
455
455
453
459
459
464
467
467
469
469
472
470
472
468
471
466
467
466
466
467
466
462
464
461
462
460
459
458
458
454
453
452
452
452
453
457
459
459
461
459
459
459
456
456
450
453
451
454
449
448
448
447
450
445
446
448
442
446
442
442
441
442
441
440
441
440
439
440
438
443
443
443
445
446
449
450
449
451
449
451
451
450
448
448
445
444
439
442
439
442
442
439
442
442
445
446
445
447
445
449
449
449
452
449
450
450
451
448
447
449
449
450
448
450
450
451
452
448
452
452
450
447
444
440
439
435
434
434
431
431
428
430
432
433
436
439
440
448
445
448
450
453
456
451
454
448
447
447
442
442
438
443
442
444
446
445
448
448
452
453
451
455
453
458
457
461
461
459
457
456
455
455
454
454
452
453
455
456
457
460
463
466
467
468
468
473
471
467
473
465
465
464
466
467
465
464
464
464
466
462
463
462
463
462
460
460
462
460
461
457
459
458
459
456
455
457
455
459
460
460
461
463
464
467
467
472
478
486
489
494
499
499
492
491
492
498
503
506
512
506
503
501
498
499
498
495
501
499
495
496
489
484
483
479
475
473
470
469
470
472
472
476
476
479
481
483
486
482
483
484
479
479
481
482
484
488
489
494
497
506
513
513
524
520
519
525
521
515
509
507
501
496
498
510
533
620
719
663
636
606
579
549
548
562
578
604
607
577
602
599
589
574
573
566
566
548
563
570
578
623
638
606
582
580
564
574
557
549
555
561
545
556
542
548
554
569
577
659
717
646
677
665
679
674
694
708
707
705
683
665
689
688
653
622
610
602
590
570
573
566
567
563
572
590
603
601
610
627
626
621
615
632
623
602
606
585
579
575
582
580
562
574
577
586
585
576
581
573
581
587
566
574
582
590
585
590
584
575
559
540
534
520
522
533
562
591
668
770
744
726
749
737
698
656
625
604
596
585
586
612
629
691
949
793
746
701
693
684
674
689
679
656
651
636
595
563
558
552
565
567
575
568
578
581
570
580
580
570
566
564
559
548
545
536
533
523
527
520
524
525
522
520
521
530
534
526
528
522
524
521
520
518
516
510
505
494
496
495
501
504
511
509
512
515
515
519
514
520
518
517
513
510
507
507
503
503
503
500
495
488
485
483
478
478
478
486
489
490
493
505
524
532
525
521
521
521
516
515
515
515
509
510
506
503
497
492
486
488
482
484
485
492
490
493
497
503
499
504
503
505
501
500
494
499
492
492
486
487
484
482
479
479
478
477
477
476
478
479
479
481
482
483
481
481
480
480
480
481
486
484
487
487
491
492
493
494
494
499
495
497
493
494
490
489
486
481
480
476
478
474
477
477
477
477
479
482
479
483
483
486
485
484
486
487
484
484
484
481
481
481
481
481
481
481
481
480
480
482
482
484
486
486
489
482
482
474
482
471
476
468
467
463
460
457
453
456
453
449
449
443
443
442
441
444
441
447
446
446
449
449
455
455
456
465
465
468
469
468
472
474
479
479
481
487
482
484
480
482
480
480
481
479
480
478
479
475
470
472
469
470
468
473
472
473
471
470
475
469
471
468
469
467
470
471
469
469
466
470
468
468
468
467
473
470
472
474
476
477
478
474
473
471
467
468
465
468
471
475
481
483
486
491
487
489
488
490
489
488
490
487
491
487
480
475
469
468
470
472
475
478
482
486
487
487
488
491
490
491
492
494
490
493
489
490
487
486
486
482
484
480
483
478
482
479
478
479
479
479
477
481
479
480
484
484
488
485
485
483
483
480
481
480
479
479
479
478
478
476
478
475
475
474
478
479
478
482
480
485
482
486
487
486
485
485
488
486
489
488
491
485
478
477
474
474
470
476
476
477
476
475
476
470
477
473
479
476
479
476
477
479
482
481
480
481
479
479
474
476
471
473
475
475
474
474
472
475
473
478
478
480
482
481
487
485
491
487
487
484
483
481
480
481
479
479
480
479
479
479
479
474
472
472
472
471
471
467
469
472
473
471
469
472
474
477
476
481
481
484
479
482
477
479
478
481
477
479
478
483
482
485
486
493
492
494
492
497
492
495
490
494
491
495
491
496
495
503
503
505
499
502
498
497
502
511
515
518
520
522
519
515
515
514
511
504
509
505
507
503
506
505
504
502
503
499
501
498
499
498
498
493
494
489
491
486
488
485
487
486
485
484
486
483
483
481
484
482
485
483
486
482
485
483
486
483
486
484
487
485
488
488
488
487
491
490
490
488
489
487
482
483
483
477
473
476
477
481
479
485
487
491
491
498
499
501
503
502
502
500
501
497
502
496
500
493
495
487
488
482
488
483
489
490
492
492
496
493
494
492
493
492
493
494
493
495
492
495
494
495
496
497
503
506
508
516
519
527
543
554
548
551
556
552
541
536
538
545
547
541
551
552
539
544
539
525
533
535
539
538
544
555
566
571
565
567
569
554
555
534
534
527
527
526
523
533
557
578
602
688
788
639
665
657
639
634
643
662
657
629
605
598
563
565
544
559
556
552
561
568
578
574
567
583
594
580
571
574
570
566
559
553
532
540
552
562
564
623
606
580
672
860
769
756
744
740
705
700
694
682
688
688
676
677
670
661
668
678
693
696
705
712
703
701
688
670
664
665
663
667
669
635
615
608
603
595
601
602
603
595
581
582
586
580
582
572
578
585
590
589
587
580
581
571
562
548
541
534
532
541
555
578
614
660
667
620
626
626
621
625
618
592
302
285
594
584
576
563
556
548
542
543
560
560
560
562
551
533
528
521
529
541
538
532
540
544
547
546
554
563
568
571
578
585
590
580
565
553
559
554
558
580
628
668
633
638
680
719
668
627
616
607
597
578
572
564
556
547
538
533
526
521
515
512
504
505
498
499
493
495
493
491
491
487
488
484
486
484
480
479
473
471
468
468
463
462
458
456
456
450
450
451
446
448
445
447
446
445
446
442
444
444
442
442
439
442
442
443
444
442
443
441
438
440
439
438
436
433
436
436
432
434
433
432
436
432
435
434
432
435
428
434
433
432
436
432
436
432
430
434
429
427
429
425
426
424
417
420
417
417
414
408
413
410
410
408
405
407
406
404
406
403
405
407
403
406
404
405
404
402
404
403
400
403
403
400
399
398
396
395
395
396
389
396
392
393
388
388
388
390
384
389
387
385
387
384
386
387
383
385
387
384
389
384
385
389
387
386
387
383
388
387
384
388
389
385
387
384
385
384
382
383
383
383
381
381
383
380
381
379
379
381
380
378
381
376
376
378
375
378
379
379
378
378
376
378
375
378
376
373
377
373
376
376
374
378
375
374
376
374
372
374
374
373
375
374
376
375
373
374
371
374
375
373
374
374
373
377
377
376
377
376
377
381
378
380
379
379
378
379
378
380
376
377
381
377
381
382
379
381
378
380
378
380
377
380
374
379
376
373
376
376
372
373
371
368
371
368
369
372
369
370
371
369
370
371
369
372
369
369
371
369
373
367
369
368
372
368
369
368
370
371
369
368
370
367
370
369
368
370
368
368
371
369
365
369
368
369
366
365
367
370
367
369
366
366
368
365
367
368
367
366
367
366
368
368
368
369
372
371
373
373
371
372
371
370
370
370
368
366
367
368
367
367
368
368
372
370
369
370
370
369
372
371
368
372
370
371
370
370
367
369
370
369
370
372
372
370
372
368
369
373
372
370
371
366
370
370
367
369
369
368
369
371
364
368
369
369
371
369
368
369
369
368
370
369
366
369
371
370
370
370
368
373
373
369
373
369
373
372
369
368
369
369
367
371
369
368
370
365
371
369
367
369
372
369
372
371
369
372
373
369
374
373
371
373
370
372
374
370
374
374
373
374
375
376
373
374
371
372
373
371
371
369
367
368
369
365
370
367
367
368
368
371
366
370
371
371
372
369
370
372
370
371
367
374
372
369
370
372
367
371
368
369
370
372
369
371
374
368
370
372
369
370
366
370
372
370
368
372
371
370
373
369
374
376
373
375
376
374
376
377
374
376
376
375
376
376
375
376
378
377
376
375
373
375
372
372
373
370
374
370
372
370
371
370
372
371
375
376
375
377
380
374
377
378
376
377
376
377
373
374
373
372
369
372
372
367
369
366
368
368
365
368
365
362
365
363
366
365
363
364
362
365
366
365
366
364
363
364
364
365
366
361
360
364
359
360
360
359
359
359
357
360
359
359
359
358
358
357
359
359
358
355
358
356
356
357
356
354
354
354
354
354
354
352
354
354
352
352
354
354
354
352
352
351
352
352
353
352
351
353
352
354
354
351
354
355
354
354
354
352
354
353
351
352
353
351
352
353
354
354
355
353
354
351
353
355
352
352
352
350
353
354
355
354
353
356
354
355
358
357
357
357
356
362
360
359
358
361
364
363
364
365
365
361
363
364
361
364
365
363
364
363
367
367
363
366
366
365
368
367
368
364
370
367
370
368
368
371
371
373
371
372
372
371
373
371
369
370
374
368
374
374
373
375
371
376
373
377
380
377
378
382
383
383
383
380
384
382
382
381
381
378
378
380
380
379
376
376
379
376
309
436
381
373
372
373
374
371
373
371
370
369
368
371
368
366
367
363
365
367
365
364
364
363
364
365
362
364
357
363
361
360
360
357
358
358
355
357
356
354
354
354
354
354
353
352
353
352
353
353
352
352
350
351
349
352
349
348
351
347
351
348
348
349
348
351
347
348
351
345
348
348
346
347
344
346
345
344
343
340
345
342
345
341
338
343
341
338
340
340
334
342
337
334
336
342
336
330
333
339
332
327
332
332
331
325
333
329
325
328
328
327
321
329
324
324
321
324
324
322
319
327
321
317
319
321
319
321
321
316
316
321
319
319
315
314
317
318
316
317
313
314
315
314
319
314
310
314
316
315
312
312
314
315
314
311
309
313
314
316
310
313
314
308
316
307
312
313
313
312
306
313
310
313
309
307
312
313
311
309
312
313
313
310
308
315
311
313
308
313
310
309
313
316
312
313
314
313
313
312
316
313
314
312
313
317
315
317
313
320
320
321
320
316
320
324
324
322
323
318
324
326
324
325
325
324
332
331
331
328
330
328
333
335
331
331
332
330
336
336
334
334
333
341
338
340
334
333
337
339
339
333
333
336
337
337
335
333
334
338
336
333
335
334
337
336
337
332
334
337
336
336
334
333
336
334
334
335
332
333
332
335
334
332
330
334
333
330
329
330
329
332
330
329
327
327
330
331
328
327
328
331
331
326
329
333
327
329
330
328
326
332
331
328
326
329
329
329
334
324
326
331
324
328
323
328
331
331
329
329
324
332
332
643
341
334
334
330
334
337
336
336
335
332
333
330
340
337
333
334
334
337
340
339
335
335
336
339
338
341
338
338
339
338
343
338
338
341
342
343
344
343
340
343
339
343
346
342
344
342
344
344
347
344
344
342
340
347
343
342
340
341
346
345
342
341
344
346
347
344
345
344
348
351
351
351
346
350
348
353
353
351
348
350
349
353
354
351
349
349
352
354
350
353
353
355
354
358
351
354
354
357
358
354
355
358
358
359
354
357
358
361
360
357
358
356
360
361
360
355
361
361
361
360
357
362
365
361
360
360
366
365
363
360
364
365
361
364
366
366
365
362
362
370
371
364
367
370
369
368
365
368
373
369
362
374
374
372
370
369
375
379
377
379
378
378
381
377
380
378
384
381
385
383
384
386
383
383
383
383
377
376
379
376
377
375
379
378
379
377
377
381
384
382
377
383
382
382
382
382
383
383
385
386
388
389
390
393
392
392
392
391
395
390
389
389
394
387
386
390
386
384
385
387
383
383
386
385
383
385
385
389
388
384
383
384
385
386
387
384
386
388
385
386
387
387
381
383
383
387
386
385
386
390
386
387
385
391
391
386
388
390
387
386
387
390
386
388
388
388
389
386
388
388
387
385
384
384
385
389
391
390
384
386
387
389
390
386
389
389
389
393
396
395
395
397
399
398
401
402
407
402
405
402
404
403
398
399
403
400
398
399
400
402
400
397
396
396
395
394
396
394
396
396
394
394
396
399
393
396
396
400
401
401
405
406
410
409
414
413
414
413
410
413
415
415
419
414
415
417
420
415
414
419
415
415
418
417
420
423
427
421
425
423
426
420
420
423
414
419
414
411
415
418
413
411
413
415
413
406
412
406
406
410
412
410
415
413
414
410
408
415
413
419
417
415
420
414
421
412
415
419
421
421
423
422
423
429
428
429
431
432
434
432
434
435
433
431
436
436
434
436
434
437
439
439
440
439
438
443
444
439
446
441
446
442
441
445
445
444
442
444
443
444
438
440
439
442
441
442
437
439
445
443
441
446
441
444
445
438
438
440
440
443
444
447
448
448
448
446
445
449
445
445
450
450
447
448
448
452
449
443
446
438
439
439
441
438
440
442
441
438
437
438
441
438
438
438
438
438
444
442
442
445
438
440
442
444
439
445
445
449
442
449
449
446
450
450
449
447
451
447
446
451
450
449
456
456
452
458
460
458
463
468
466
470
473
472
462
465
465
463
458
458
458
458
456
456
459
455
460
460
462
461
462
462
462
462
463
461
460
461
457
456
462
458
462
461
453
457
455
449
452
452
448
452
451
453
451
452
448
450
449
443
448
445
447
442
447
453
446
451
452
453
451
453
451
455
447
456
445
451
446
447
445
444
442
444
444
447
445
447
446
451
453
457
461
464
463
463
461
463
461
467
462
470
472
477
476
475
481
483
486
489
491
488
490
490
486
484
485
487
483
485
492
499
506
506
507
508
504
498
497
499
501
499
500
506
509
509
510
514
517
514
516
520
520
516
515
519
520
518
517
518
520
517
517
520
523
519
521
521
516
517
516
521
512
519
519
513
516
519
514
518
520
520
520
523
524
521
522
522
517
512
514
515
513
513
517
521
517
521
516
521
519
521
521
518
517
511
513
508
505
505
493
496
493
494
490
495
505
508
503
514
511
507
514
509
514
515
514
510
511
504
511
504
505
494
501
501
506
503
511
516
514
516
511
511
508
508
510
506
493
501
499
497
500
486
490
484
480
478
477
478
472
471
477
483
487
492
501
503
499
503
506
504
506
504
501
496
494
493
492
486
490
487
490
494
500
506
510
510
514
518
521
521
524
524
522
523
526
523
525
525
527
524
526
527
523
522
523
526
528
526
527
529
534
530
529
528
530
525
529
521
526
531
531
531
537
539
534
536
535
540
535
536
539
538
541
537
542
538
540
543
536
541
536
538
539
537
537
536
536
533
531
532
536
533
530
534
537
534
536
540
541
543
547
549
544
544
546
545
545
543
546
547
551
552
557
551
553
553
554
548
553
556
546
547
551
550
547
549
550
553
551
552
553
552
545
546
545
541
538
540
539
542
545
537
540
541
533
535
535
539
534
538
538
543
539
547
545
554
547
552
554
554
544
547
545
550
541
543
542
547
539
547
542
540
539
546
541
546
548
551
549
547
547
548
552
546
548
551
555
550
550
552
552
554
548
548
556
551
553
543
553
553
555
551
552
549
546
546
546
542
539
535
534
527
527
533
538
541
545
541
548
557
554
552
560
562
557
560
560
561
555
557
562
555
557
560
563
558
560
559
561
559
555
560
559
553
557
559
561
556
561
562
560
557
560
562
558
559
563
563
556
559
561
558
557
562
563
556
563
563
560
563
563
566
562
563
564
565
559
562
563
561
560
565
566
563
566
569
571
564
568
570
571
567
569
571
571
565
569
570
571
567
568
570
577
575
574
576
579
582
574
576
576
570
572
577
577
571
573
577
571
568
572
569
568
573
564
559
555
549
553
557
559
561
561
562
559
559
551
553
551
551
546
557
563
567
565
569
569
563
562
557
552
549
540
543
539
547
558
557
563
572
576
572
587
582
582
583
568
575
571
567
572
565
565
567
566
562
570
571
566
577
570
574
577
571
577
576
572
577
577
568
575
575
567
574
574
562
572
563
559
557
560
557
563
563
563
568
563
565
566
561
559
557
550
554
545
550
551
547
552
554
557
552
554
542
550
559
558
555
557
556
551
548
548
549
555
560
560
560
569
572
566
569
566
569
570
566
570
564
559
549
548
551
545
544
542
537
538
529
527
521
521
521
521
530
545
558
565
567
565
568
567
567
563
566
567
565
565
565
561
557
560
562
558
559
557
557
563
566
570
571
568
564
558
561
563
565
565
565
568
562
566
569
566
573
577
574
582
582
583
588
583
585
584
580
579
580
581
585
579
575
568
566
567
570
573
575
575
563
562
561
561
560
545
557
541
542
538
539
540
532
541
535
538
534
543
546
552
558
562
561
562
563
563
561
563
564
560