569
602
691
744
845
763
761
744
749
729
671
673
646
614
606
587
583
625
721
779
846
865
776
727
702
696
668
648
643
646
666
693
711
753
767
792
789
755
779
796
779
698
659
693
728
755
704
760
800
804
718
671
665
667
688
691
733
784
736
785
801
821
772
719
716
694
672
640
655
787
1110
991
970
965
897
810
774
723
680
672
684
701
727
720
780
835
827
762
748
730
707
668
670
672
697
706
731
754
731
702
663
679
691
734
690
679
693
692
690
671
669
685
690
696
697
747
815
841
838
855
815
782
731
716
703
717
714
697
738
767
799
771
788
783
751
721
709
695
699
686
703
739
778
764
757
737
752
705
730
739
755
781
766
782
775
771
731
750
768
813
818
823
838
835
784
662
621
637
634
672
748
772
724
699
673
639
628
601
587
575
563
564
556
568
573
574
636
654
639
685
693
650
669
654
645
626
605
597
586
578
574
567
568
572
574
572
579
585
589
591
578
573
574
564
565
569
575
574
576
575
572
571
580
582
572
571
570
568
559
553
552
549
549
554
549
550
547
547
549
541
545
549
548
549
543
540
540
536
530
526
521
516
517
515
512
509
508
516
520
530
537
538
547
548
540
539
539
540
532
529
524
521
519
519
513
515
514
518
525
527
523
526
529
538
542
536
534
532
530
528
523
524
522
522
521
519
517
518
515
516
516
512
509
511
513
517
524
538
528
527
530
528
529
524
522
521
520
520
522
516
521
521
525
534
529
530
539
545
553
550
545
543
543
541
539
533
536
532
536
535
532
532
535
534
540
539
537
540
540
541
532
530
531
530
532
531
526
528
533
544
548
549
554
560
557
555
544
533
544
580
581
581
574
556
554
548
550
549
540
541
538
537
537
529
533
540
545
557
548
553
553
558
558
547
547
542
538
531
524
521
518
519
521
525
526
525
527
530
540
552
552
549
548
552
553
548
539
539
537
537
541
540
535
539
546
561
569
567
558
557
556
560
562
549
546
542
539
538
533
531
532
531
535
538
533
537
547
552
560
551
551
548
548
544
534
534
529
524
521
517
514
518
521
530
538
529
534
539
548
557
555
551
550
550
543
534
526
527
521
515
512
508
514
517
535
551
563
563
585
595
609
589
586
577
570
557
542
541
534
531
528
521
524
526
531
540
555
551
547
545
544
539
526
524
522
523
529
531
539
552
563
578
567
562
563
558
549
556
552
550
545
530
523
517
509
531
556
589
606
592
572
563
565
567
563
556
545
539
538
534
536
539
530
530
531
534
534
529
529
524
522
521
521
515
515
513
510
507
507
514
511
514
517
521
523
527
526
528
530
539
544
537
535
530
528
527
521
521
522
524
533
530
527
535
540
549
553
549
551
549
550
546
534
533
532
531
525
529
532
537
544
545
540
542
539
541
553
551
552
551
553
549
545
537
535
531
529
524
521
519
521
525
534
542
535
540
549
561
563
555
548
543
536
532
529
521
523
521
523
525
521
524
525
533
537
536
540
541
546
542
535
530
525
521
518
516
516
515
517
521
528
527
527
527
532
532
532
524
525
525
527
528
521
523
525
531
533
532
529
529
537
538
541
535
533
531
528
522
517
516
511
508
507
501
505
510
522
552
565
559
573
587
594
573
571
579
577
562
555
553
546
542
532
531
531
527
523
520
519
515
512
509
501
504
503
499
498
496
492
495
493
490
486
483
484
483
483
480
481
488
489
490
489
486
485
485
485
484
480
478
478
476
473
470
473
473
486
498
509
516
518
515
517
524
523
524
521
513
513
511
513
508
504
500
497
501
500
500
500
495
493
491
490
492
488
489
486
481
484
483
481
479
473
471
473
475
478
475
475
473
471
471
471
474
473
467
471
471
472
472
469
467
468
470
469
467
468
463
462
466
465
465
463
461
459
460
467
474
478
480
479
473
475
475
473
472
466
464
463
460
460
455
451
449
450
452
450
447
445
442
446
451
451
452
450
452
460
461
465
465
462
466
468
469
467
460
462
461
460
459
454
455
458
455
455
453
451
452
452
455
450
447
448
450
450
450
447
446
443
442
448
446
448
444
442
443
441
442
444
442
442
440
441
444
444
444
443
443
446
447
449
447
443
443
446
444
446
443
439
441
440
443
440
439
437
438
438
441
440
443
441
441
443
445
446
447
446
446
450
448
450
448
446
449
448
451
447
445
446
450
451
452
451
452
453
456
460
459
456
456
457
459
456
454
451
448
452
452
450
448
445
446
447
448
448
449
447
448
450
454
451
450
448
450
452
452
450
449
447
446
451
448
448
445
441
446
445
445
442
441
442
440
449
455
459
459
463
463
460
464
462
461
456
454
456
455
458
455
453
453
454
458
455
454
451
450
456
454
451
450
452
454
455
453
451
450
450
455
451
448
449
443
443
448
452
460
460
462
462
457
463
464
465
462
457
458
459
457
458
458
454
455
459
457
453
447
449
451
448
449
447
449
448
453
453
453
452
455
460
461
459
458
459
461
462
460
457
457
461
461
459
456
453
458
456
455
452
448
452
456
455
456
455
454
457
455
457
453
450
448
448
450
448
445
442
439
438
441
438
438
435
434
436
438
437
438
436
434
436
440
441
441
440
440
441
443
444
441
438
436
437
439
438
437
436
433
434
436
434
432
430
429
432
435
433
435
433
435
438
439
438
441
438
437
439
440
443
440
440
441
443
441
441
438
437
437
436
437
436
435
432
436
438
439
438
439
440
444
445
443
441
443
443
442
439
437
437
439
438
436
435
433
436
436
436
435
434
437
439
438
440
436
436
439
440
439
439
438
440
443
442
440
440
438
435
436
437
436
432
432
432
435
438
440
441
441
441
443
449
451
451
452
449
451
453
450
451
446
444
444
445
444
443
441
440
441
444
444
443
442
439
442
446
445
445
443
439
443
445
445
443
441
441
442
445
446
445
444
440
442
445
444
440
439
438
441
442
441
440
439
440
447
451
454
458
457
454
453
457
455
451
444
444
445
446
442
440
437
438
442
440
439
438
437
439
441
441
439
438
441
442
441
439
437
437
438
436
435
431
432
435
434
432
427
429
432
432
433
433
430
431
433
435
433
429
430
430
432
427
426
426
430
432
431
430
429
428
428
432
431
430
429
427
432
432
430
428
425
425
428
429
430
431
437
438
445
446
451
455
459
457
457
454
453
451
450
451
448
449
450
450
449
447
446
448
450
451
451
450
447
449
448
447
445
449
450
451
454
458
464
465
464
466
467
471
475
480
477
476
475
475
472
467
464
464
467
474
477
492
500
504
506
514
524
527
528
543
559
551
529
516
510
519
540
563
566
579
563
573
560
551
556
560
553
549
546
536
535
526
521
516
528
543
550
546
558
565
572
558
556
557
577
558
562
559
563
565
563
566
574
576
567
560
553
548
546
546
542
559
572
581
589
605
624
597
583
566
560
553
544
544
558
572
578
584
589
597
586
576
563
556
550
541
534
524
519
518
518
532
549
589
667
639
610
600
661
675
670
682
649
620
592
577
565
563
571
625
809
811
787
716
707
646
626
617
619
616
624
626
636
635
617
599
585
580
584
592
592
599
609
621
629
610
606
594
587
587
577
571
574
574
576
572
576
569
585
574
570
560
558
557
560
569
589
610
633
601
602
576
582
585
598
616
604
587
578
573
582
574
576
565
564
559
560
557
559
557
545
538
536
531
528
527
522
518
517
515
517
521
518
515
519
521
517
518
517
517
516
515
517
510
510
513
509
510
511
509
511
510
508
507
507
514
513
515
514
508
507
504
499
498
499
499
499
505
507
512
518
511
515
522
524
533
531
521
522
521
521
522
516
518
522
524
527
524
525
527
527
529
528
523
525
524
523
520
518
517
517
517
516
510
510
510
514
518
522
540
542
552
548
540
540
539
538
535
529
531
529
528
525
521
521
523
527
524
522
526
527
533
533
528
531
527
528
527
520
524
528
528
529
525
522
524
527
528
528
522
526
524
526
527
522
522
522
521
520
513
518
518
524
524
522
522
521
521
521
516
517
517
517
521
517
520
525
526
528
522
524
523
525
526
520
518
518
521
519
516
526
530
535
532
532
538
538
539
533
530
530
526
521
515
517
517
518
519
513
515
517
517
520
512
518
520
521
524
522
525
531
535
536
528
527
527
521
522
514
513
515
514
515
514
507
511
516
518
521
521
521
524
530
527
522
527
523
521
520
515
516
517
519
519
517
516
518
519
519
521
526
529
533
539
530
531
531
533
534
524
527
526
525
527
520
521
519
516
515
509
511
515
517
523
520
521
522
524
527
522
523
526
529
526
520
521
519
521
526
522
525
529
528
531
523
522
526
526
527
522
517
521
518
517
516
512
515
518
517
515
512
517
516
517
511
511
512
509
504
499
498
497
495
499
497
496
495
498
496
498
503
503
508
510
506
509
513
516
520
519
518
519
515
516
512
509
511
514
517
513
513
516
518
523
523
520
522
523
525
517
512
510
508
505
504
500
504
507
511
519
512
520
531
539
535
527
529
527
528
521
520
524
525
529
526
521
521
521
522
521
516
518
518
521
522
512
508
509
521
532
530
534
537
525
527
526
524
524
521
520
523
522
527
529
522
523
522
520
519
516
519
521
516
516
514
521
520
523
521
520
520
519
518
516
513
517
520
517
516
513
518
516
519
515
507
506
504
503
509
514
514
515
518
523
534
545
554
550
537
535
535
530
528
521
518
516
517
516
509
508
509
508
508
509
509
516
520
521
515
524
534
536
531
524
527
527
525
521
517
515
516
521
518
518
521
526
527
526
521
521
521
521
519
515
515
516
514
510
510
507
512
514
519
514
518
522
525
526
523
527
525
525
516
518
514
512
509
507
508
511
509
510
506
507
510
507
517
524
538
541
540
537
538
540
539
533
528
526
521
520
512
511
513
512
513
514
510
515
518
521
530
526
528
533
534
538
535
533
532
531
530
535
533
534
538
538
543
540
535
531
526
522
521
520
521
519
516
518
517
517
522
540
563
588
587
604
606
590
576
565
555
548
542
537
541
558
567
595
660
676
627
630
622
600
577
561
546
544
553
565
614
685
688
687
688
677
634
607
601
604
605
600
603
609
611
607
609
619
641
667
656
665
670
671
653
627
605
589
576
571
575
588
606
617
624
642
630
618
610
599
593
582
574
557
555
563
576
590
596
623
645
635
620
637
613
604
580
564
562
563
576
607
625
629
663
717
726
672
662
666
676
657
640
655
686
706
693
682
678
693
695
666
619
600
607
610
640
679
695
692
702
716
719
713
719
752
766
756
733
710
699
694
668
648
657
683
723
702
670
661
648
628
614
605
594
594
590
586
597
609
622
608
616
612
611
598
588
593
618
641
655
662
694
708
696
673
654
643
612
562
529
548
543
542
556
592
600
616
627
622
598
577
568
562
549
542
534
526
523
518
510
502
498
494
492
484
479
475
475
472
466
461
457
459
459
453
450
449
451
449
448
447
446
447
452
448
447
447
447
450
448
447
448
448
447
445
442
440
443
444
442
442
438
439
439
439
438
435
434
431
429
429
431
430
426
426
424
423
428
425
424
421
421
421
422
422
422
418
418
416
416
420
415
415
412
412
411
414
412
413
409
409
407
409
409
409
406
402
404
402
402
404
403
401
400
398
398
401
399
399
396
396
396
397
399
398
396
396
395
396
396
397
398
396
396
396
397
398
398
397
396
395
396
397
398
396
393
392
396
396
395
392
391
391
396
394
391
389
390
393
391
390
386
386
388
388
389
389
386
385
383
384
386
385
386
381
383
388
386
383
381
382
386
386
381
380
379
385
382
378
377
378
381
381
378
375
375
379
379
376
373
374
375
378
377
376
372
374
376
380
379
377
376
377
383
378
380
376
380
380
382
380
378
377
380
383
382
378
378
375
379
381
381
379
378
376
377
379
382
381
378
377
378
382
384
381
380
380
379
385
385
386
383
381
380
383
384
383
382
380
378
381
383
384
381
378
378
382
385
381
380
377
381
385
382
381
378
380
384
385
383
380
380
381
386
384
381
378
378
380
384
381
378
375
380
383
383
379
377
377
378
384
381
381
376
378
381
385
382
382
377
379
379
386
382
381
378
379
380
383
381
378
375
375
376
380
381
380
378
378
378
381
384
382
382
378
379
382
385
382
380
379
381
385
385
382
380
380
382
386
385
384
380
380
380
385
385
382
381
378
381
384
384
383
381
378
379
382
387
382
380
380
380
386
384
381
378
378
380
383
382
379
377
378
382
382
380
377
377
377
382
382
383
378
377
374
379
380
380
379
375
378
382
383
380
378
376
380
383
381
377
380
382
385
380
378
377
379
382
380
380
377
379
382
383
381
376
380
382
383
381
379
376
381
381
380
378
375
377
380
379
376
372
374
376
378
376
373
371
374
378
376
373
372
370
373
376
373
372
369
370
371
375
373
373
369
372
371
376
374
373
369
370
373
373
374
373
369
369
372
376
375
372
370
369
373
375
374
375
369
369
372
374
375
376
372
370
372
375
376
374
372
370
372
374
377
373
376
372
370
374
375
376
374
371
372
372
373
377
375
373
369
367
373
372
376
370
371
365
370
372
373
373
372
370
369
372
376
372
372
369
370
373
374
372
370
370
369
374
374
373
372
370
370
370
373
375
372
372
373
370
373
375
374
374
372
368
374
374
375
373
371
370
370
372
375
371
374
370
368
375
377
371
373
370
369
374
374
373
373
369
373
375
376
372
373
369
373
371
379
374
373
372
372
374
378
375
373
371
371
373
375
373
369
368
371
373
373
369
367
368
371
374
370
370
368
368
373
373
372
371
368
370
372
374
372
370
366
370
372
374
370
368
366
369
372
372
370
368
367
368
372
372
372
369
370
373
375
374
375
372
372
372
375
374
372
371
369
370
371
374
370
370
368
367
369
371
370
369
367
365
368
368
371
369
369
368
369
371
373
371
370
368
372
373
373
371
370
369
371
372
369
369
366
369
369
371
370
368
367
368
369
372
369
370
367
369
370
373
368
369
366
370
372
372
370
370
367
369
372
372
370
369
369
370
374
373
369
371
369
372
374
372
371
371
369
372
373
372
370
369
370
373
375
373
371
370
371
372
375
375
374
373
373
375
377
378
377
375
375
375
377
378
377
374
373
374
379
377
379
380
380
382
383
382
385
385
384
386
385
386
389
384
390
389
392
391
390
392
393
396
394
394
393
393
396
395
396
395
396
398
396
400
400
402
401
403
409
413
412
413
412
417
414
414
413
411
415
412
412
411
414
412
412
415
408
413
414
413
416
416
418
422
421
422
423
424
427
425
425
426
429
427
427
425
421
427
424
423
423
422
427
426
425
426
429
428
431
431
430
436
430
435
435
438
436
435
435
435
435
437
431
432
438
438
435
441
442
444
443
442
447
443
443
444
444
442
442
438
439
440
437
436
440
441
438
438
437
438
434
435
437
437
438
438
440
436
441
453
468
475
479
499
530
536
537
533
516
516
516
502
490
488
488
485
481
482
479
476
478
475
473
469
469
469
465
465
463
467
461
464
466
468
469
464
463
461
460
456
455
454
454
454
456
459
461
464
467
474
475
477
482
483
484
479
480
483
486
484
480
481
482
482
482
483
484
486
487
484
481
479
479
479
480
483
488
488
489
498
500
505
508
517
514
513
514
514
511
508
507
509
508
506
501
499
500
498
500
504
507
504
505
509
515
518
519
512
502
502
503
501
502
512
522
535
537
542
537
531
530
527
530
527
523
523
521
519
511
513
511
511
512
517
524
527
525
518
514
513
511
512
509
513
518
522
527
529
542
559
561
566
578
590
583
563
550
542
534
527
525
532
545
573
594
592
587
576
569
562
549
545
545
551
566
608
635
637
668
673
682
657
637
636
641
634
613
604
593
578
565
557
546
538
534
528
529
524
530
531
546
568
646
664
644
663
655
641
614
605
594
581
572
556
548
545
539
543
546
541
543
560
567
583
590
586
579
561
561
555
540
548
550
553
549
550
549
541
538
536
533
534
528
531
532
539
546
545
547
556
554
556
555
551
550
542
540
536
536
539
538
537
536
534
536
533
528
526
526
529
532
531
531
536
541
542
539
537
539
540
530
535
542
554
558
556
570
582
604
587
604
592
587
572
574
570
569
562
567
571
578
579
579
578
576
569
567
567
565
563
558
557
559
567
572
571
571
581
584
572
572
571
569
564
562
562
563
568
556
567
565
573
568
563
565
568
571
571
576
583
593
578
593
594
600
591
593
585
582
569
569
563
563
557
558
563
568
563
567
566
564
563
559
557
558
557
553
548
545
543
540
538
536
536
543
543
549
558
574
583
598
608
638
617
638
603
606
609
602
602
601
598
579
580
573
572
569
565
562
564
577
594
593
600
611
606
596
599
598
603
601
591
588
584
581
572
569
569
564
563
568
574
590
600
600
597
601
598
587
579
575
580
582
585
590
606
631
638
647
630
612
609
605
598
586
571
568
561
563
577
602
651
755
752
827
844
778
732
727
734
736
700
694
681
673
659
642
632
629
634
647
640
645
645
652
660
648
648
642
646
626
619
612
604
604
603
609
614
626
623
611
615
609
607
598
597
598
604
609
617
630
655
689
694
673
666
652
643
626
619
619
620
630
633
655
661
684
674
658
646
641
637
617
619
616
622
632
634
653
671
694
684
662
664
647
648
629
628
624
629
640
636
651
655
680
673
664
655
647
638
619
616
611
610
618
626
646
667
677
665
665
654
648
626
615
606
598
588
578
578
582
604
620
624
637
636
631
616
605
596
592
584
575
573
564
569
563
576
592
615
631
630
638
654
639
625
616
605
598
583
576
570
565
564
562
567
580
602
616
624
644
669
656
623
621
602
559
468
585
654
691
725
693
688
696
704
685