645
622
579
569
555
538
532
517
508
506
518
540
576
565
562
561
564
567
542
532
521
516
521
531
525
521
520
522
533
545
549
558
576
608
592
587
570
546
528
514
500
491
487
490
492
484
477
474
474
476
482
486
487
503
557
654
682
652
631
618
603
576
547
536
533
530
533
533
532
522
508
505
512
522
562
582
584
563
543
530
525
521
517
514
512
506
506
500
502
510
514
515
510
505
504
501
493
493
519
654
721
698
691
691
652
616
596
576
559
547
530
533
546
560
564
553
542
545
547
552
540
537
539
553
577
588
584
578
574
565
541
532
523
516
511
508
511
517
517
509
499
492
479
477
477
481
487
522
614
685
646
628
613
604
587
569
549
529
519
504
494
488
486
484
486
489
496
504
505
530
574
594
594
589
577
546
516
501
484
475
473
479
495
554
610
627
599
572
554
537
526
515
505
497
489
497
498
499
504
511
510
514
521
533
541
549
543
553
567
568
559
548
530
525
523
520
515
509
502
504
516
542
577
601
609
581
558
560
531
532
524
528
523
523
520
520
518
516
509
491
491
484
479
477
477
473
470
469
471
465
476
474
487
511
516
529
536
549
554
541
538
517
502
486
477
471
465
466
469
468
468
472
477
490
491
490
487
485
483
478
477
471
470
468
460
464
458
456
457
452
454
450
449
436
440
437
431
428
434
442
450
450
450
441
449
458
473
472
462
465
461
464
454
457
457
457
456
454
451
441
446
441
438
439
441
439
444
446
449
456
461
468
464
468
466
458
445
450
444
443
443
446
447
446
446
447
449
446
448
450
453
454
459
457
459
461
456
460
453
450
452
449
449
447
448
450
446
453
452
452
453
454
456
450
450
452
450
444
444
444
441
438
433
438
436
433
438
449
448
450
449
452
445
442
438
433
433
426
430
429
423
422
422
421
418
420
420
418
420
425
426
426
427
428
430
425
434
431
429
431
430
430
427
427
430
427
427
428
426
426
424
423
419
418
418
419
422
427
430
423
431
430
453
427
423
425
426
424
424
429
432
432
432
437
438
438
438
442
440
439
438
436
433
430
429
429
425
426
422
426
425
422
420
421
422
426
425
430
428
429
428
428
429
430
433
426
430
432
433
430
440
438
439
441
442
444
441
446
434
441
438
438
439
438
436
424
432
424
417
422
416
414
415
413
415
416
411
413
413
416
415
416
424
431
429
429
426
425
424
418
420
414
409
412
409
410
406
414
409
412
415
420
410
420
417
416
415
412
414
410
410
409
406
410
409
413
412
408
413
414
406
409
409
411
411
414
413
413
412
420
424
425
419
423
421
415
412
411
411
405
414
408
404
405
404
402
405
405
407
406
408
411
408
408
405
407
407
406
405
410
403
411
408
403
400
402
401
405
400
400
400
403
402
404
407
414
413
417
423
426
428
428
426
426
424
421
423
418
415
414
414
410
410
408
407
413
407
408
409
409
410
411
407
405
402
403
400
397
397
401
401
402
402
405
407
412
412
410
413
415
414
416
414
413
414
413
408
405
411
405
402
402
405
401
401
404
408
408
410
416
419
425
421
423
425
422
426
420
419
416
416
415
414
413
415
413
409
411
403
403
400
402
400
402
409
411
415
410
413
416
420
419
423
422
422
421
423
416
421
417
415
412
414
409
410
409
408
412
409
405
403
407
403
400
398
398
399
403
405
404
406
408
409
413
412
414
415
412
413
413
414
412
410
411
413
413
412
407
410
413
404
405
405
410
411
410
412
412
404
408
405
406
409
403
409
414
409
412
414
412
413
414
409
414
412
405
409
405
401
402
399
399
395
395
392
393
391
391
389
392
390
393
393
392
396
394
392
395
397
395
396
398
397
403
406
403
406
409
404
408
410
404
404
402
400
400
397
397
399
398
396
396
398
402
405
409
405
410
408
410
410
408
410
408
406
412
406
402
404
403
397
401
399
402
401
399
403
401
404
401
407
402
404
404
404
400
401
400
399
398
401
403
406
408
409
412
407
411
408
412
411
410
410
408
409
407
405
405
398
405
403
400
400
404
404
408
407
410
414
418
417
420
422
417
422
421
419
420
417
413
410
411
410
410
413
405
410
405
400
401
403
401
404
407
405
408
413
412
416
414
416
414
416
413
411
411
404
410
402
402
398
400
399
397
397
398
389
394
392
388
385
386
388
384
385
384
380
387
388
383
384
384
382
387
383
383
382
385
381
381
379
376
381
380
376
376
374
370
375
373
369
370
372
371
368
370
368
370
371
372
366
370
366
367
370
369
366
365
367
366
367
366
363
365
368
368
368
370
370
370
365
372
368
370
368
371
369
369
373
373
375
371
371
372
372
369
370
372
367
370
367
367
367
368
367
365
367
368
365
361
360
359
355
360
355
357
357
357
357
358
355
355
351
354
353
356
352
354
356
354
352
354
356
354
351
354
350
352
352
353
352
351
350
346
348
351
349
345
346
345
347
349
346
344
346
349
347
345
347
344
344
348
350
346
344
345
347
347
344
344
342
347
346
346
342
347
347
345
346
346
346
345
348
345
348
352
345
345
347
345
346
345
345
346
348
349
348
344
343
346
346
343
344
343
341
345
345
344
342
343
339
344
345
342
341
342
344
343
341
344
346
343
342
341
342
342
344
344
339
343
343
343
346
344
342
342
344
343
342
343
344
344
340
344
342
343
344
346
341
340
342
343
341
342
338
338
341
341
338
337
339
339
336
334
335
339
337
337
333
332
336
336
334
332
334
335
330
334
333
335
335
333
334
333
333
332
333
337
334
333
330
336
330
332
331
334
332
331
332
335
335
331
333
333
333
333
338
337
333
334
336
337
336
337
335
335
336
335
336
334
335
338
332
334
333
332
334
336
331
333
335
332
333
331
333
336
333
334
334
337
332
336
331
335
333
339
331
332
330
335
331
332
328
333
333
331
330
329
330
334
329
329
328
331
329
328
327
328
331
330
327
326
330
330
329
325
331
330
326
334
334
330
328
330
333
330
328
329
330
331
314
342
332
333
331
330
327
332
335
332
292
369
336
335
333
334
332
334
333
334
332
332
333
333
333
333
338
334
333
335
336
334
334
332
330
335
335
331
334
335
335
332
335
336
334
336
335
337
334
336
333
337
334
336
333
337
337
336
302
365
334
336
334
333
337
338
337
334
335
333
330
337
334
333
329
334
334
310
352
333
334
330
338
328
332
334
335
333
332
335
334
332
334
336
333
333
333
335
330
331
331
334
332
333
329
329
332
332
330
327
330
331
329
327
328
330
328
328
328
330
329
331
327
329
328
331
324
327
330
333
327
327
327
331
327
329
328
328
330
330
330
327
327
331
326
326
325
330
327
328
324
327
326
328
293
360
326
324
325
325
327
325
322
324
322
329
325
325
322
323
325
324
323
318
324
321
322
326
325
322
324
324
327
322
322
323
326
325
298
347
324
323
324
322
324
323
324
321
323
319
324
323
325
323
325
322
323
321
325
322
322
326
325
325
325
323
324
324
327
330
325
323
328
328
326
327
326
328
325
328
323
325
324
326
327
328
324
326
327
325
325
324
324
328
325
325
323
324
325
326
324
326
327
323
326
286
359
325
326
323
327
326
328
324
326
325
324
327
323
326
324
325
327
329
326
327
328
327
322
328
327
327
325
328
329
326
323
329
326
325
330
330
328
324
327
327
327
323
325
324
324
323
323
324
325
325
321
322
326
304
346
322
325
326
323
327
285
356
327
322
322
321
324
298
349
320
321
321
321
324
289
355
323
321
322
322
320
306
336
323
323
320
321
321
326
321
320
323
324
322
319
323
322
321
294
350
327
318
322
319
322
323
325
324
318
323
319
319
323
320
321
317
320
320
320
316
319
322
319
322
324
320
317
321
321
317
322
323
322
319
323
320
321
321
318
321
320
321
318
319
319
320
319
322
318
322
319
321
319
321
322
320
320
320
323
322
320
320
320
322
318
322
318
320
320
322
319
320
316
322
318
319
316
282
357
320
318
310
324
322
321
318
317
322
322
319
317
319
321
320
320
318
319
320
322
318
317
321
322
320
316
319
320
319
317
317
318
322
295
343
317
317
320
318
319
319
323
317
320
323
317
321
318
321
322
318
302
336
321
319
322
301
336
323
318
318
317
319
320
322
319
321
319
319
318
321
324
324
319
321
321
325
324
321
320
321
325
327
324
322
325
326
330
328
324
327
325
327
329
333
332
326
331
331
335
334
329
331
333
335
333
331
332
335
336
333
336
337
338
299
373
340
340
340
337
339
342
340
338
338
339
343
343
339
339
340
343
345
345
344
345
346
347
351
353
353
353
303
400
355
354
357
357
354
355
357
360
357
358
359
362
362
362
362
365
369
369
366
370
370
373
371
369
369
370
373
371
371
371
373
376
374
374
375
376
377
377
375
374
374
376
375
374
374
375
380
380
380
379
381
383
382
381
381
384
385
386
389
388
387
383
383
384
386
386
386
388
388
387
392
393
398
407
412
412
407
410
407
403
398
396
389
388
385
385
381
380
378
376
373
371
368
370
368
365
361
363
365
370
375
376
382
396
413
433
438
430
427
431
431
425
423
419
417
416
416
412
411
410
410
412
417
421
420
420
419
423
426
426
427
426
425
424
421
419
414
342
474
410
405
407
386
432
409
411
395
434
418
417
418
287
534
330
499
419
414
321
503
426
428
429
430
378
490
343
529
321
542
439
425
420
418
415
414
297
516
419
413
313
494
332
488
317
512
424
424
435
445
445
445
294
585
457
448
445
442
439
438
438
437
436
436
436
430
431
432
430
428
427
426
427
429
427
427
430
434
441
447
451
456
461
465
458
460
459
459
458
454
452
448
447
447
450
451
447
456
469
466
465
465
469
469
454
457
453
450
443
445
439
440
436
429
430
427
423
421
416
419
411
410
406
402
403
399
397
401
403
407
407
407
412
414
415
415
417
419
419
419
424
421
425
422
315
512
424
420
416
415
416
418
421
424
426
427
429
432
438
436
437
434
433
432
428
425
425
423
421
422
425
428
432
438
441
442
444
447
447
453
450
452
451
449
447
445
441
440
438
435
433
434
435
434
434
433
434
433
432
429
432
432
431
433
437
431
437
437
437
438
437
438
438
438
437
437
436
436
434
435
434
431
435
432
433
436
435
437
323
536
440
437
440
439
442
442
445
447
452
464
462
465
465
469
469
462
463
461
457
454
452
451
444
444
438
437
434
433
431
431
430
431
433
430
435
432
332
519
430
434
431
428
430
433
432
436
432
438
433
437
438
439
441
442
444
446
446
446
446
446
444
445
443
441
441
436
442
438
439
441
434
438
354
511
440
440
440
444
444
442
445
445
447
445
448
449
450
446
450
447
449
446
449
450
330
556
451
450
445
442
442
442
444
443
448
448
446
445
444
441
444
446
444
447
443
446
443
442
441
438
438
436
439
437
437
436
440
438
440
438
446
444
446
440
447
443
444
440
447
444
446
444
451
446
452
452
457
452
456
451
450
445
446
446
446
446
446
440
441
444
443
438
444
439
443
447
454
458
459
455
457
457
454
451
449
448
447
446
445
448
449
446
451
449
446
446
447
447
447
447
448
444
446
447
453
450
458
456
461
465
460
465
462
462
458
458
454
450
450
449
450
447
450
438
446
440
437
438
437
440
441
442
447
451
453
458
463
467
470
462
464
457
455
452
451
451
447
450
448
445
445
445
445
444
446
452
450
457
461
469
468
464
465
461
463
459
462
457
454
450
441
440
437
432
432
432
429
429
432
436
435
436
444
453
460
462
469
463
467
465
463
462
455
458
453
448
445
439
444
442
442
448
447
452
456
460
463
467
459
465
461
457
459
447
452
449
443
442
437
445
442
446
448
451
454
454
456
460
454
462
456
456
458
454
453
450
443
444
440
438
436
435
438
437
438
443
438
445
438
438
437
438
437
436
438
440
441
439
430
438
434
428
428
428
423
433
429
430
431
437
439
441
441
444
445
446
440
442
438
435
430
425
430
426
425
429
431
435
433
437
437
438
435
436
435
436
437
435
438
433
434
431
434
432
433
443
448
453
453
451
447
448
444
438
436
436
437
435
437
440
441
443
444
446
448
443
448
443
441
439
438
438
432
438
432
431
430
429
433
430
429
431
433
433
435
437
438
440
441
442
440
438
440
438
434
430
423
431
426
421
419
422
421
422
428
428
433
431
430
436
438
444
449
451
452
453
450
448
443
440
435
431
426
428
421
423
427
423
435
438
446
458
445
454
455
454
456
454
452
449
445
444
441
436
434
436
433
437
439
443
444
435
446
439
438
438
441
444
446
446
443
447
443
440
441
446
444
447
446
442
438
438
441
440
436
440
438
437
436
441
449
447
447
451
446
447
447
442
442
438
442
438
438
439
439
440
442
442
441
445
451
454
447
455
454
456
459
461
455
461
452
448
453
450
449
453
454
459
468
470
477
476
479
477
475
470
466
460
448
453
450
450
452
455
452
449
450
446
445
449
451
451
333
564
445
442
438
438
432
430
436
450
473
487
486
479
483
486
487
479
473
471
464
457
452
450
441
439
438
439
439
443
438
445
454
467
465
474
481
496
513
510
501
493
492
486
481
475
463
461
452
447
446
448
447
446
444
440
440
438
441
451
456
454
452
467
483
487
482
479
482
482
476
471
466
456
452
449
447
446
445
442
440
432
432
436
444
452
454
455
458
457
457
455
451
448
453
464
468
469
479
490
482
491
491
490
484
481
474
471
468
466
464
462
463
464
460
458
456
455
455
459
462
467
467
467
471
477
476
478
477
479
478
476
472
468
467
459
455
455
456
451
449
447
446
443
439
438
441
448
446
457
450
460
471
482
479
473
470
461
461
450
446
444
445
444
445
441
438
437
437
435
437
448
467
495
501
493
506
512
530
522
515
501
490
480
469
461
456
451
448
447
440
439
440
440
443
447
451
450
459
469
479
479
482
484
484
485
480
479
475
474
473
470
473
470
471
475
482
487
484
479
483
483
485
477
471
473
464
459
456
452
455
449
443
443
439
433
435
429
424
424
422
415
413
409
411
404
404
406
410
406
410
415
418
423
422
425
425
425
423
429
427
424
425
419
417
412
414
410
412
407
400
402
405
403
401
398
399
399
400
399
398
402
398
401
402
399
395
396
396
394
396
394
394
396
395
395
394
392
389
388
391
387
387
384
387
386
388
383
380
385
382
386
385
384
384
381
385
387
379
381
377
379
380
379
376
376
377
374
380
378
374
376
375
376
376
377
374
376
375
377
373
369
368
373
369
375
370
370
369
369
371
373
369
369
368
369
369
371
366
367
365
370
368
366
363
367
366
368
369
365
365
363
367
365
368
371
372
368
370
371
371
374
370
371
370
372
374
370
373
373
372
373
371
370
368
374
369
369
365
364
363
363
363
363
362
363
360
357
357
357
355
361
357
358
360
361
364
366
360
363
362
362
365
365
367
363
363
357
359
357
360
358
361
362
358
359
360
357
360
359
361
363
366
364
365
364
366
366
368
359
365
364
362
361
358
365
362
362
362
364
358
366
363
364
366
369
371
368
370
374
372
373
373
375
377
380
377
380
381
385
384
389
385
384
382
382
385
383
383
384
382
385
383
385
386
383
386
390
386
387
385
390
390
388
388
389
389
388
387
388
388
390
392
388
387
387
388
389
390
386
388
386
389
391
386
389
387
389
390
387
386
388
389
394
395
393
393
393
392
391
391
389
388
387
388
388
383
384
384
389
387
389
394
392
394
396
399
399
403
407
404
406
402
400
396
397
392
391
394
387
386
387
388
389
389
391
396
401
406
409
412
409
411
408
406
405
408
406
405
406
402
401
401
404
405
409
410
417
423
438
443
433
437
432
435
429
424
423
419
416
413
413
414
408
409
407
411
407
408
411
415
419
416
418
414
414
411
414
409
414
409
411
411
410
409
408
411
411
412
412
413
417
416
422
422
423
422
423
421
418
414
411
413
413
412
411
411
413
409
411
413
417
418
419
422
422
421
421
423
422
426
424
420
425
421
421
422
416
422
421
417
419
413
416
419
413
411
408
407
410
401
407
408
402
403
400
401
409
405
407
408
413
411
415
414
417
417
412
414
415
410
408
401
405
402
398
396
401
396
396
393
391
392
391
389
389
391
387
389
385
388
392
387
389
389
388
392
389
387
387
387
385
390
391
388
387
384
389
383
383
384
390
388
385
391
386
388
379
383
385
384
383
384
387
385
392
387
389
386
390
389
391
389
388
384
385
385
382
384
386
387
388
388
385
385
385
379
381
378
382
381
380
383
382
379
381
379
379
381
381
376
380
377
377
376
380
377
380
378
376
377
379
378
375
373
372
369
374
369
372
368
373
372
374
372
375
374
377
375
380
378
378
373
375
370
373
369
374
369
375
369
370
364
367
366
369
369
366
370
368
366
366
368
367
368
368
369
372
370
375
373
374
373
374
376
370
370
372
371
372
375
371
370
367
371
368
369
366
370
367
370
369
370
373
371
370
369
370
373
369
372
370
374
371
371
374
374
373
372
374
377
374
376
373
374
375
374
374
370
372
372
374
370
370
370
373
373
373
369
371
371
368
365
367
366
362
360
360
364
358
359
357
362
361
355
359
357
363
360
359
360
360
360
366
365
361
359
358
358
361
363
364
360
361
360
361
361
365
365
367
367
367
365
369
371
375
377
377
374
378
375
377
375
376
376
378
378
375
377
375
378
379
376
378
379
376
379
378
378
380
377
381
376
375
373
375
376
377
374
377
380
382
381
382
383
385
386
388
386
390
384
384
384
388
385
387
387
388
385
386
389
386
390
390
390
390
393
395
396
402
403
405
405
396
403
397
394
388
386
382
380
377
377
378
380
372
371
372
372
376
369
372
368
368
372
370
366
365
369
368
361
363
362
361
365
366
365
360
359
359
361
358
358
354
356
357
354
351
354
354
349
348
347
347
347
348
342
346
347
342
344
339
346
343
337
339
337
339
339
339
340
337
333
339
332
335
330
335
332
330
326
330
327
330
331
328
326
326
322
325
326
324
321
321
321
325
319
318
318
323
319
315
316
319
317
314
313
317
317
316
313
314
312
313
315
313
313
310
313
311
310
315
312
308
311
312
311
311
309
307
312
311
308
307
312
311
308
309
308
311
307
309
310
309
309
308
311
306
308
309
311
306
308
310
310
307
309
309
306
309
306
312
308
308
311
309
309
309
310
310
310
313
311
313
310
312
313
311
313
313
313
316
313
314
312
314
317
313
316
314
313
315
316
315
317
319
315
318
320
319
317
319
319
317
321
320
320
318
320
321
319
324
322
321
320
322
324
324
325
327
327
326
325
328
327
328
328
328
329
330
331
329
330
334
329
334
331
334
337
335
337
338
340
342
339
342
339
340
341
339
337
340
338
341
341
340
339
340
340
343
343
345
345
350
350
354
354
357
358
359
359
360
364
360
361
357
354
353
352
354
350
350
352
347
347
348
350
346
353
355
357
356
364
364
366
364
368
366
368
364
364
358
360
357
357
359
359
360
356
358
360
358
357
359
360
359
358
356
356
360
358
358
357
320
393
360
357
358
357
355
356
356
355
355
352
349
350
350
352
356
314
400
364
365
372
379
382
377
376
376
376
379
376
376
372
372
371
370
368
305
429
371
363
332
404
370
366
331
423
384
383
344
444
396
395
395
394
394
390
307
452
309
444
377
374
375
376
372
375
377
379
381
382
379
383
381
384
381
382
383
385
381
384
380
379
306
433
375
370
369
368
368
370
374
377
377
380
381
378
381
382
388
388
384
388
389
390
385
390
389
390
386
388
391
395
396
396
398
403
304
496
410
408
408
406
402
403
402
402
400
400
402
402
305
497
415
413
418
417
421
422
420
416
415
410
406
402
400
397
396
394
386
387
386
385
382
385
387
389
387
393
403
409
415
412
414
414
417
417
417
416
412
408
405
403
396
396
396
314
484
412
409
410
413
418
424
422
421
421
423
426
425
423
424
426
424
424
420
421
422
426
428
427
423
425
428
432
429
427
425
425
425
422
418
414
415
417
419
417
416
416
410
408
407
405
406
401
375
422
400
397
338
450
395
393
388
388
394
413
430
450
476
493
492
487
490
495
479
469
463
460
454
448
440
438
434
433
426
424
426
423
424
424
420
417
342
480
416
410
409
409
408
407
407
409
407
412
415
417
415
414
402
419
408
405
399
396
394
395
393
392
394
393
386
389
389
396
402
400
407
411
412
412
413
415
413
413
410
410
403
404
402
403
403
396
397
395
395
396
397
394
394
395
398
404
405
406
399
405
408
417
421
422
420
420
416
415
407
406
406
408
408
406
404
405
406
408
406
403
404
404
405
404
407
409
408
413
410
420
435
450
455
457
461
456
452
449
443
436
432
426
422
416
412
409
409
410
409
411
410
410
406
401
398
399
401
406
408
408
406
404
409
423
441
440
439
436
441
445
443
438
438
438
436
432
425
421
414
409
407
408
408
412
405
404
406
413
424
432
435
441
440
442
440
452
462
471
467
462
455
451
442
438
434
436
432
429
427
423
422
421
420
414
413
415
420
424
423
427
425
421
423
418
416
420
424
427
423
426
429
431
433
431
430
423
420
419
422
425
422
423
425
435
438
439
438
437
434
432
427
426
423
418
411
411
412
419
423
425
426
429
429
428
429
428
422
421
421
424
426
429
434
432
433
432
426
425
424
423
421
423
426
424
422
416
416
415
420
422
424
427
426
428
425
422
420
418
416
413
408
404
402
408
413
420
423
425
426
424
427
432
438
446
443
442
442
440
438
435
432
428
424
419
416
413
414
414
412
412
413
413
411
414
409
415
431
457
465
460
454
464
472
471
464
460
457
453
448
438
437
432
427
425
422
424
417
416
414
419
422
429
427
431
430
433
438
447
452
452
448
446
441
436
427
423
419
420
417
416
412
410
411
414
420
423
428
426
444
481
487
492
498
491
479
476
465
462
453
445
439
432
430
420
419
421
420
418
420
422
426
429
430
430
430
433
434
437
438
438
446
454
461
454
454
454
451
448
443
441
435
433
427
428
423
427
440
480
561
604
551
527
514
509
500
471
479
471
462
455
450
445
440
437
434
431
429
421
421
422
427
430
433
436
436
435
434
436
443
443
440
440
438
438
436
430
427
425
427
428
430
431
425
424
425
429
433
436
438
438
450
466
468
468
471
476
479
477
473
466
461
458
451
448
445
440
441
430
429
428
428
430
427
428
422
422
423
426
423
434
443
461
467
465
463
455
458
456
454
450
445
440
434
428
425
423
421
419
420
416
413
414
421
428
433
437
438
445
453
460
455
456
454
452
450
448
443
442
436
432
430
430
430
430
425
426
426
433
438
439
439
442
449
452
446
451
443
447
450
448
447
445
448
447
446
443
440
438
434
428
428
427
424
424
428
433
439
440
444
444
451
455
458
460
460
453
451
449
450
450
451
446
447
450
453
458
457
460
461
465
468
468
467
462
461
452
443
439
440
445
448
447
454
467
479
483
481
479
475
470
466
462
458
454
446
443
440
439
436
435
435
435
434
430
428
429
433
436
441
442
443
455
466
468
463
458
462
459
456
452
446
442
436
431
425
427
422
422
415
415
419
431
440
448
451
454
451
448
449
442
444
437
436
434
434
433
433
429
427
424
419
421
414
412
409
411
414
413
416
415
412
410
411
411
409
410
409
404
409
427
448
462
474
466
463
465
465
463
452
450
446
441
438
433
428
427
418
414
413
411
411
412
410
404
404
402
404
407
409
402
409
418
431
430
427
431
432
432
434
433
427
421
419
416
417
412
412
411
409
410
408
406
408
407
401
399
401
411
419
430
430
431
438
455
473
475
467
460
454
448
443
433
430
428
427
425
423
425
421
419
415
414
417
420
422
422
420
419
420
418
417
415
414
411
414
422
430
436
458
491
516
552
546
505
489
483
476
466
462
452
446
443
438
438
432
431
427
429
427
427
428
422
418
417
414
413
411
412
413
407
410
413
427
438
438
434
441
444
445
443
438
436
431
427
422
418
417
414
410
412
404
404
412
441
477
492
487
487
486
488
483
476
467
460
452
443
440
435
435
432
431
430
425
420
421
424
426
438
448
450
447
443
442
438
434
425
420
421
418
422
417
416
415
417
417
420
421
423
427
436
440
438
446
441
446
441
441
441
438
437
434
430
427
423
417
413
409
405
402
402
404
398
401
407
417
430
435
438
438
435
432
429
423
420
416
415
414
416
411
410
416
425
439
442
446
445
446
445
443
434
435
424
429
429
436
450
463
464
461
460
450
447
442
442
444
446
440
447
443
445
448
451
449
448
445
442
442
436
429
429
438
449
458
462
463
464
457
453
450
450
452
452
452
448
451
439
438
437
435
438
438
440
433
436
438
443
444
450
453
450
458
466
462
465
464
464
461
458
453
442
445
431
425
422
420
420
422
416
416
422
432
444
458
470
484
492
477
477
479
482
479
470
462
457
448
446
441
438
434
427
427
421
418
418
421
425
427
434
436
431
443
464
478
465
466
458
450
446
439
435
431
426
429
417
416
418
425
427
425
438
456
483
493
474
482
471
469
463
459
451
449
443
440
431
431
422
418
418
421
424
430
428
430
431
439
453
460
459
453
453
448
443
438
430
426
422
418
414
416
404
406
403
407
407
414
414
416
418
418
420
429
435
437
438
437
433
432
426
423
420
415
412
412
413
418
409
412
413
414
414
414
414
412
413
407
405
413
428
450
465
493
483
475
479
518
564
552
529
511
499
485
472
461
450
445
439
435
435
427
428
428
431
433
432
434
439
443
444
443
441
436
433
431
428
428
425
425
420
419
417
413
411
420
449
463
468
474
495
528
531
533
543
531
499
485
480
474
457
459
446
441
437
436
432
432
431
429
427
426
428
430
429
431
438
449
457
458
457
454
445
449
441
436
434
435
438
438
438
436
435
431
427
428
428
426
430
431
431
428
431
432
439
450
462
461
456
455
446
443
440
435
435
433
431
431
430
430
434
430
438
466
496
490
494
490
494
483
485
492
498
496
487
481
476
476
471
466
460
457
454
453
456
456
465
471
474
477
475
476
472
461
462
450
449
447
448
445
460
476
484
479
473
463
461
461
461
459
457
456
451
449
443
438
438
433
431
433
441
443
441
437
438
433
433
432
430
430
430
429
429
424
422
428
440
453
463
458
456
464
463
460
464
467
467
463
447
450
439
434
433
430
429
426
428
426
426
428
428
431
430
436
449
467
479
474
469
465
464
456
451
445
434
433
427
423
420
423
418
422
427
433
435
435
434
434
429
429
435
436
437
436
438
433
432
436
441
446
449
448
445
441
438
435
433
427
429
422
422
423
424
431
450
463
476
477
473
473
469
464
463
453
450
444
441
437
434
430
427
426
423
425
421
423
416
421
441
476
504
511
496
488
479
462
460
452
446
441
439
435
434
431
426
426
423
420
417
423
417
422
434
456
479
494
493
479
477
475
480
471
465
463
464
456
456
453
446
443
438
434
436
424
418
417
417
422
430
440
448
455
446
451
441
446
456
457
462
463
456
451
446
443
439
433
437
448
466
485
491
477
464
475
480
490
485
474
470
457
450
449
448
445
443
439
446
445
452
471
506
523
502
493
484
480
476
470
465
461
465
471
478
471
474
473
476
479
482
483
473
469
463
465
469
471
473
476
476
470
461
454
444
440
432
426
425
426
424
422
422
421
421
424
427
428
428
432
440
455
470
471
473
471
475
477
472
475
471
465
462
453
446
448
444
439
435
434
431
429
433
440
448
453
473
502
514
508
487
471
473
461
455
454
455
453
454
449
449
453
462
472
469
466
461
470
474
476
472
467
463
458
452
449
442
435
435
437
438
442
440
443
441
446
453
457
456
450
445
445
434
430
430
431
434
437
441
449
455
460
468
482
500
500
489
478
468
456
451
443
437
431
429
432
428
427
429
435
435
443
438
438
438
438
437
434
430
428
424
423
423
422
416
421
439
502
580
600
592
564
536
508
484
478
466
459
456
455
452
449
445
442
438
436
431
427
426
424
435
456
502
536
547
538
510
492
481
483
487
490
484
480
471
464
457
449
449
450
449
448
451
442
448
463
490
514
533
536
544
545
518
525
516
507
508
499
491
481
473
460
455
445
441
441
445
449
449
451
452
452
454
452
453
455
455
450
455
471
484
496
502
517
534
520
506
494
487
477
470
463
448
453
440
435
434
438
439
440
439
443
445
447
449
452
451
453
448
455
470
477
476
477
472
472
472
471
472
469
469
476
488
505
501
500
492
485
480
472
468
458
457
454
453
456
455
465
482
508
518
509
499
485
478
462
456
448
443
442
442
441
440
442
436
438
442
445
449
455
470
496
554
543
514
486
479
473
465
463
457
452
452
444
441
443
447
452
464
470
495
536
554
566
564
557
531
514
498
486
472
468
460
451
449
453
465
475
486
491
486
483
482
481
483
480
478
473
471
462
457
455
450
455
469
486
499
507
505
489
488
474
469
464
458
457
451
448
442
440
438
440
453
466
486
503
523
539
526
512
519
513
510
502
499
487
480
472
465
454
448
445
440
441
445
455
470
488
501
495
517
536
530
510
499
503
512
503
499
486
477
467
461
459
457
455
452
449
446
440
437
433
437
432
427
431
444
467
485
477
494
508
521
520
517
493
484
480
473
462
454
449
442
439
437
434
431
428
423
419
418
414
411
408
400
400
401
404
410
426
422
423
438
470
521
503
473
457
447
443
438
434
431
428
422
421
417
420
417
420
420
417
418
421
427
437
444
452
468
484
477
470
475
479
479
484
489
488
480
471
465
464
461
462
461
456
451
452
445
444
457
475
505
557
570
544
521
496
477
471
460
455
454
458
467
480
497
499
502
537
588
625