614
627
608
608
590
593
587
598
604
610
612
591
584
574
589
613
627
592
601
586
586
577
589
645
788
817
758
694
691
663
654
701
689
701
712
688
644
656
633
625
651
669
654
647
600
612
623
646
653
662
630
611
593
588
583
589
598
596
580
577
578
609
695
752
772
736
728
698
626
620
611
588
577
585
605
667
729
725
702
676
626
615
599
583
590
626
698
788
782
779
777
736
671
655
667
692
729
734
732
745
731
725
731
735
700
696
698
733
755
742
729
711
700
688
673
673
681
656
624
614
619
676
1173
863
667
665
636
664
668
672
635
609
605
591
602
623
662
699
674
650
620
614
597
604
599
614
608
609
623
640
618
634
634
630
610
599
587
571
561
559
576
749
1100
872
762
715
676
662
673
707
709
697
678
667
650
653
670
727
736
718
712
698
709
704
608
622
594
589
614
624
605
609
600
591
580
577
575
583
577
589
582
593
601
601
586
590
591
602
589
572
568
563
564
565
567
559
558
557
563
563
563
560
547
551
549
552
553
562
564
568
563
550
555
552
547
553
550
549
544
546
542
542
539
539
539
544
554
558
566
564
577
576
579
578
572
555
547
549
541
538
541
545
545
546
552
562
575
573
575
564
555
540
536
560
694
742
702
672
640
618
616
605
604
603
599
583
579
585
601
649
676
626
605
593
590
601
605
595
612
622
630
632
615
602
578
566
560
556
554
555
552
553
555
572
612
683
630
625
601
587
579
566
557
556
555
556
555
551
544
544
550
563
582
595
623
646
674
631
643
638
635
609
602
602
604
605
596
601
596
590
591
579
581
580
578
575
557
553
551
546
538
539
548
563
585
638
729
728
649
620
619
612
596
591
588
591
596
591
584
586
585
577
566
573
574
579
583
576
593
597
617
624
604
606
602
600
594
579
568
571
572
578
581
589
593
591
587
583
579
565
557
552
556
560
577
592
591
595
597
606
618
591
585
579
580
584
571
586
586
582
587
583
571
563
562
565
578
591
581
567
557
556
555
552
545
549
557
579
620
614
636
642
682
645
653
622
620
608
601
585
572
567
568
569
563
565
569
573
586
595
626
648
682
613
583
587
584
581
584
586
576
573
578
586
598
587
578
574
569
564
554
548
553
557
566
591
585
611
636
661
661
624
591
585
577
575
572
569
570
578
591
617
604
599
593
587
574
562
568
566
566
561
553
553
551
553
541
552
549
545
538
534
529
526
527
533
535
544
542
547
550
557
554
545
551
549
551
549
550
541
543
537
546
550
562
566
555
563
576
608
588
599
593
591
582
561
558
561
568
564
583
581
583
581
568
554
543
543
546
558
571
583
565
574
588
619
628
603
607
590
582
568
566
565
569
563
564
565
568
568
562
552
552
556
566
580
581
570
554
540
561
577
603
600
588
569
554
547
539
541
544
549
550
548
537
536
534
546
593
689
698
686
685
655
646
621
650
614
611
594
579
578
562
562
554
549
537
534
537
535
538
537
538
543
556
575
572
579
591
599
595
596
595
584
569
551
544
541
541
546
558
570
570
557
561
558
553
558
561
564
574
573
567
550
553
552
554
544
536
525
527
524
527
531
527
528
532
550
582
613
588
592
582
576
570
560
543
543
540
537
530
525
523
522
519
513
508
510
516
522
533
533
537
545
549
547
535
536
535
531
529
518
514
515
515
516
516
516
511
513
509
504
500
502
502
504
504
509
509
513
516
516
515
507
501
501
502
504
502
498
491
488
494
493
495
497
498
503
511
518
529
530
526
524
523
521
514
511
500
498
497
496
492
489
489
490
496
500
507
515
512
515
508
505
516
534
557
563
561
538
537
536
528
524
514
509
511
512
512
511
509
505
504
507
510
515
522
523
517
517
519
522
523
520
524
521
518
519
514
505
502
507
506
505
506
503
499
500
509
513
517
521
520
513
504
507
506
502
504
502
500
502
504
505
508
513
506
503
504
507
508
508
501
497
501
499
498
493
491
491
495
499
506
501
497
498
500
504
504
503
494
489
495
493
490
483
480
484
485
487
489
492
498
492
488
489
489
493
493
492
485
482
486
486
486
488
483
481
489
493
498
497
496
492
493
497
497
492
487
487
486
491
496
496
497
492
498
501
501
495
489
491
490
492
490
482
480
481
482
482
479
478
482
484
490
490
489
483
481
489
503
512
509
502
497
491
482
479
479
481
483
485
495
500
495
495
497
502
503
509
500
497
501
501
504
507
499
497
499
500
496
497
492
493
495
496
499
501
498
493
495
495
497
500
500
492
486
487
485
484
484
479
476
472
478
480
480
480
479
482
485
484
483
479
478
479
484
490
496
503
497
494
496
498
501
499
492
486
488
489
490
488
483
480
480
484
487
485
482
479
479
483
486
490
497
500
501
497
505
507
502
508
498
500
499
495
490
487
488
488
491
493
492
490
486
494
494
493
485
481
487
488
483
479
477
479
484
485
484
478
477
476
479
483
491
493
496
495
489
480
477
479
481
478
479
480
477
475
479
482
489
496
490
487
494
493
484
482
486
484
480
477
480
479
479
472
478
478
480
480
481
473
474
479
479
473
478
479
477
472
478
479
478
481
479
479
477
472
469
471
467
461
459
463
468
469
474
470
471
476
478
480
485
479
477
474
476
479
479
475
473
479
480
480
479
475
473
474
476
478
479
471
469
475
477
478
472
470
479
479
482
485
486
485
484
476
472
475
477
474
473
468
468
473
475
477
480
477
475
480
481
484
485
483
478
474
479
479
479
479
474
472
474
476
477
476
479
471
479
481
479
479
477
483
484
479
479
488
489
487
480
492
494
492
483
485
488
489
485
479
473
473
479
479
477
478
475
474
479
481
484
481
484
490
494
497
493
490
491
495
496
496
491
483
479
482
485
486
485
484
480
489
491
492
492
486
487
488
491
489
487
486
480
479
479
481
482
484
483
481
488
490
491
492
484
479
483
484
488
485
479
476
477
481
483
483
487
485
485
489
492
493
491
486
482
489
497
507
517
513
499
506
503
498
487
487
488
493
500
511
518
504
510
513
512
507
521
525
526
523
515
504
503
502
506
504
505
514
523
535
535
539
545
560
551
555
553
539
528
530
541
561
602
623
608
586
567
548
539
532
536
540
545
535
526
523
524
526
529
522
521
522
528
540
552
548
570
599
613
589
574
569
571
578
565
566
563
573
569
554
556
554
555
555
551
550
557
570
595
624
629
581
580
576
577
565
569
574
586
579
577
577
564
556
550
547
540
528
520
521
526
532
544
571
645
813
819
746
699
680
668
665
665
676
663
646
632
647
602
587
580
573
575
573
557
549
574
615
652
667
656
599
583
583
582
588
584
570
563
575
584
612
642
643
607
575
575
575
581
573
562
557
553
556
558
569
569
571
567
571
570
565
563
562
557
551
544
534
1040
523
528
525
528
528
530
528
520
517
518
526
547
575
591
603
588
578
559
550
542
531
524
539
579
725
709
686
619
583
564
549
542
535
525
530
530
526
527
524
525
525
526
519
521
523
523
523
521
518
516
517
514
512
507
503
505
501
499
497
490
488
490
490
488
489
486
488
487
490
494
498
495
493
491
494
496
498
499
496
495
494
495
494
496
493
489
494
493
497
495
490
485
491
488
490
492
491
489
496
500
503
503
498
495
495
495
494
493
494
490
484
490
493
497
501
505
501
501
507
509
507
500
496
496
499
495
490
484
482
487
488
492
494
493
504
513
514
509
506
511
511
512
504
505
513
511
509
502
495
500
495
495
488
489
493
497
494
489
491
498
500
498
495
492
498
498
507
511
502
509
514
515
509
506
511
511
511
511
511
508
502
495
493
491
491
491
491
484
484
486
493
503
535
569
552
520
525
530
531
530
524
516
506
503
508
504
502
496
492
482
477
479
479
481
485
489
486
485
494
502
509
517
516
513
523
519
523
511
508
518
516
514
511
506
517
516
519
510
506
519
521
522
518
515
528
530
530
521
518
525
524
521
509
507
515
516
519
516
519
527
534
536
522
516
521
519
521
518
511
512
516
515
515
513
512
517
518
511
507
515
513
516
521
524
517
514
515
514
507
505
504
508
512
518
521
513
526
521
512
518
515
514
504
499
500
502
506
506
502
503
510
510
517
521
511
510
512
509
507
505
497
494
497
495
492
490
497
499
506
506
497
494
500
499
497
495
492
495
494
492
488
492
494
492
485
493
492
494
499
492
493
499
500
499
497
490
493
495
494
494
488
486
492
494
491
488
493
496
500
507
516
509
507
510
516
517
511
502
508
507
506
502
497
494
497
498
502
510
497
510
488
500
498
495
494
494
493
488
492
491
485
484
481
479
475
475
479
486
493
497
493
499
500
504
504
498
494
496
494
497
501
499
493
502
506
514
518
504
516
515
508
507
512
510
502
500
503
504
501
505
500
492
490
489
487
481
477
479
480
485
493
496
490
496
502
500
506
506
506
502
489
497
494
488
484
492
491
491
491
489
497
504
513
519
512
506
510
509
509
508
501
499
503
501
500
493
502
500
500
493
499
499
496
491
487
482
476
485
495
517
543
545
533
517
521
511
512
500
506
504
499
488
494
495
493
493
494
483
482
488
479
479
480
479
479
475
480
480
480
479
474
479
480
482
481
477
477
477
479
479
477
475
471
476
477
477
479
482
491
493
501
509
506
500
507
506
506
503
512
515
508
516
514
507
498
500
499
497
493
486
489
488
489
484
484
486
489
481
490
488
486
487
480
483
487
491
488
489
497
496
488
495
495
493
492
481
491
490
486
480
488
487
487
485
488
483
489
488
482
482
483
476
476
479
482
477
471
481
482
486
488
489
485
479
475
478
476
474
473
470
474
471
470
469
469
463
467
469
470
479
489
485
484
490
491
489
493
497
492
490
491
493
494
489
495
502
508
514
509
503
507
512
521
552
579
569
548
538
531
524
521
512
513
513
522
532
550
575
609
616
637
628
632
620
616
604
569
575
585
623
642
656
676
669
596
560
559
555
575
592
578
555
560
557
562
567
564
562
572
599
625
651
643
612
603
613
646
680
671
664
642
629
588
579
579
582
590
602
601
580
584
577
563
547
533
530
529
528
527
521
516
514
513
516
521
538
550
562
575
596
604
589
570
567
569
582
611
623
617
613
608
592
575
575
583
625
681
690
698
689
663
595
587
581
598
688
979
848
719
666
652
636
596
578
563
546
531
518
522
526
550
580
624
637
627
593
575
532
547
540
536
536
547
559
569
563
552
546
541
532
526
528
534
541
557
572
589
611
602
586
570
554
546
545
547
557
585
614
638
669
680
678
671
649
596
589
583
564
555
540
534
529
523
519
514
512
509
509
508
509
506
504
505
500
499
493
491
490
488
487
483
480
483
480
479
474
471
471
471
472
464
462
464
464
461
457
453
450
451
449
450
446
443
445
446
448
447
448
438
446
444
438
441
435
433
434
435
433
430
425
425
427
424
427
430
426
419
424
415
417
416
412
412
411
412
409
404
405
405
402
402
401
402
402
399
397
394
397
398
396
393
394
393
393
392
393
393
392
389
389
391
391
390
388
387
389
390
388
389
388
384
385
387
388
387
385
383
388
386
387
384
384
384
384
383
383
384
384
383
381
383
382
383
379
382
381
384
382
380
380
382
382
379
379
383
382
378
378
379
380
379
376
375
377
378
378
373
377
377
376
374
374
375
376
372
373
373
375
375
371
373
373
373
372
371
372
374
374
369
372
372
372
369
371
371
373
371
370
371
373
371
371
369
372
372
371
368
373
371
372
371
369
370
373
373
368
369
372
371
368
367
371
370
369
367
368
371
371
369
368
371
371
370
368
369
372
370
370
368
369
369
371
366
368
369
370
370
366
370
369
371
366
368
369
372
371
367
370
371
373
368
369
372
371
373
368
369
373
374
373
368
371
373
374
371
368
373
373
372
369
368
371
371
372
367
369
371
371
371
366
368
370
370
372
367
367
368
369
370
369
368
369
371
370
372
367
369
370
372
372
368
369
370
372
368
368
372
371
372
367
367
369
371
370
369
367
369
371
371
369
367
371
370
372
368
369
373
375
374
370
373
375
375
376
374
369
373
372
375
372
373
369
373
374
375
375
371
371
373
374
373
373
369
372
373
375
374
372
371
374
374
375
374
370
372
374
375
374
373
370
374
375
376
375
371
374
375
375
374
370
373
374
374
371
369
371
371
372
371
368
370
373
373
369
368
373
372
373
370
370
371
373
374
373
369
373
373
375
373
371
370
375
375
375
374
372
375
378
377
377
373
376
376
380
378
379
375
377
378
380
381
378
379
380
382
377
378
379
381
376
379
379
380
378
379
376
378
380
380
379
378
380
383
383
379
380
383
385
380
380
383
385
379
380
381
384
380
379
382
383
383
382
379
385
385
387
387
388
385
386
389
389
381
382
382
383
378
378
379
382
375
376
380
381
378
378
382
383
379
379
383
383
377
376
381
379
376
374
379
378
377
373
375
377
378
376
374
377
378
378
375
379
379
378
373
379
378
378
373
377
377
379
378
376
375
372
375
375
376
374
370
374
374
377
373
376
376
381
377
377
380
382
379
379
382
384
379
380
382
383
382
378
382
382
384
380
379
382
382
383
378
380
383
383
383
380
378
382
382
380
379
380
382
383
381
378
383
382
383
381
379
382
382
382
381
377
381
379
381
379
375
378
379
381
381
376
378
382
383
384
383
380
383
384
385
384
379
379
382
382
382
377
378
380
381
381
377
376
380
380
380
376
379
380
380
376
378
379
381
377
379
379
381
377
379
379
381
375
376
379
379
377
373
376
378
378
377
374
377
379
376
375
379
379
378
375
376
378
379
377
374
378
377
374
373
376
376
375
373
377
377
378
372
377
377
378
374
375
377
381
375
376
380
380
378
378
381
383
378
379
381
385
380
382
383
384
379
381
382
384
378
379
382
382
377
379
380
382
377
380
381
381
377
380
381
383
375
381
380
382
375
380
377
381
378
381
380
376
378
378
377
373
377
376
376
372
375
374
374
371
373
372
375
373
372
374
376
371
374
375
376
371
374
374
373
370
372
372
370
368
369
372
369
366
366
367
366
361
365
361
360
364
359
356
359
359
357
355
357
357
354
355
355
354
354
355
355
352
351
354
352
349
352
351
350
347
351
348
345
348
346
348
345
346
345
347
343
342
346
345
343
343
347
344
340
343
344
343
341
343
342
340
339
343
341
339
341
340
337
338
341
337
336
340
336
335
339
336
333
337
335
333
336
335
330
335
334
330
334
332
331
332
334
330
330
334
330
330
332
330
327
333
330
327
332
327
329
332
326
329
329
326
331
326
325
328
326
324
330
326
324
329
323
322
325
326
321
327
323
322
325
324
322
322
324
319
322
325
320
321
323
318
320
324
320
320
321
323
320
317
326
320
319
323
320
319
321
322
319
323
321
319
323
320
319
322
320
318
322
320
319
322
319
319
323
320
318
322
320
319
322
318
321
319
321
322
320
325
320
323
323
323
325
322
327
325
324
328
325
327
328
327
331
328
332
329
331
333
331
336
333
333
338
334
337
338
336
338
335
341
338
336
342
337
341
340
339
342
342
341
343
344
347
343
348
346
343
346
344
345
347
345
348
345
349
348
346
349
347
350
350
350
353
349
349
354
349
352
354
350
352
351
353
352
353
357
352
354
356
353
354
355
354
356
354
357
354
356
359
354
357
358
356
358
357
359
356
358
362
356
361
362
361
362
363
368
363
367
370
366
367
368
370
365
367
368
366
366
366
368
365
364
366
366
364
362
364
367
360
362
363
360
360
361
361
357
360
363
359
362
362
364
363
366
365
361
364
364
362
362
365
361
362
362
364
362
363
367
362
364
370
362
366
367
366
366
367
370
366
367
372
366
368
371
366
367
368
368
367
367
371
369
368
370
365
367
368
371
366
369
374
368
371
375
374
373
375
378
375
377
381
374
376
380
377
377
380
384
377
381
387
379
383
388
381
383
387
383
382
383
384
381
384
387
381
384
389
385
384
387
388
385
389
392
386
388
392
390
391
390
389
384
388
391
383
386
390
385
386
389
387
385
387
391
391
390
391
384
386
389
389
383
388
390
385
389
392
392
396
397
396
398
395
396
398
398
398
394
396
398
396
396
398
399
396
399
402
397
403
405
398
402
406
398
402
406
399
403
409
401
406
410
403
409
412
405
410
412
407
412
415
407
413
417
410
414
418
412
414
417
418
412
410
406
410
411
402
408
410
404
411
414
409
416
416
415
420
419
419
422
420
417
422
419
418
422
417
421
423
417
423
427
420
428
430
421
427
429
423
427
430
421
426
429
420
426
427
420
424
425
420
426
425
423
425
427
428
429
426
426
433
430
432
437
437
431
432
436
429
432
434
429
427
432
434
427
434
434
428
436
436
427
434
435
428
431
435
430
435
439
441
444
440
438
443
441
438
441
445
438
443
442
438
443
435
443
444
440
440
445
446
444
450
451
447
453
458
454
447
455
454
447
453
452
448
449
450
450
441
441
446
452
450
447
445
447
449
448
444
437
434
438
438
434
440
442
438
445
447
444
449
454
450
456
459
457
450
459
458
451
457
456
450
455
457
453
449
452
449
444
448
446
440
446
444
442
438
440
439
436
429
428
431
430
428
432
438
438
438
445
446
450
456
454
451
456
456
458
456
454
452
450
446
444
440
438
433
433
433
437
437
437
438
437
434
438
438
438
437
430
431
433
435
434
431
434
436
437
431
433
438
440
441
444
438
438
442
441
435
438
440
440
436
431
438
434
436
439
441
436
443
446
438
449
449
446
449
451
448
448
444
439
441
440
439
442
447
447
443
445
450
452
450
451
446
442
449
452
449
449
444
447
447
452
453
455
456
462
464
466
462
460
456
450
454
454
456
448
456
462
461
458
471
472
473
479
481
479
479
468
468
469
460
464
469
468
465
462
469
463
461
466
467
464
459
464
468
465
460
458
451
454
455
456
457
460
460
450
454
455
455
456
452
449
454
455
450
449
453
455
459
461
460
462
455
461
462
457
461
464
463
465
459
465
469
467
472
475
470
466
472
471
465
466
468
467
464
465
463
460
455
460
456
464
463
464
474
476
482
488
491
486
482
485
487
487
486
485
485
484
479
465
460
461
454
453
455
453
454
467
481
502
534
536
513
521
514
509
507
498
497
507
512
508
509
507
498
503
505
508
505
500
502
508
516
517
509
522
521
522
520
509
515
516
512
523
535
539
527
540
539
545
533
538
542
543
535
530
517
519
519
515
519
525
526
525
517
528
534
537
527
539
539
537
528
534
530
519
525
526
525
521
516
521
524
523
516
519
521
519
518
516
509
511
516
523
527
526
538
545
544
532
539
540
540
537
532
528
522
516
513
510
502
497
501
506
514
518
526
534
553
567
579
580
571
564
554
537
534
531
528
531
535
534
525
533
534
536
533
529
530
531
533
537
542
545
548
549
536
540
538
537
536
526
527
530
530
536
532
527
537
542
536
545
549
555
557
548
539
544
533
528
531
531
527
525
532
532
538
541
542
538
535
527
531
531
529
522
530
532
533
528
535
538
544
538
550
555
557
549
559
559
557
546
553
553
553
544
550
549
550
543
548
544
541
537
525
529
533
533
533
528
536
538
537
533
540
546
544
549
555
556
544
553
551
543
542
544
547
537
542
542
546
536
546
553
556
557
558
550
557
555
554
546
552
554
550
558
550
557
549
540
547
554
559
552
555
556
554
557
559
563
556
561
562
564
564
553
557
554
547
540
542
544
539
540
541
543
541
545
550
549
552
547
553
553
554
555
549
547
541
546
551
555
553
562
565
570
564
573
574
572
564
569
571
571
563
570
570
571
564
565
565
568
560
568
569
570
563
570
572
572
565
569
567
567
558
560
562
564
563
562
563
566
566
560
564
566
563
557
562
564
565
558
562
564
566
558
563
562
562
556
557
558
560
558
552
558
560
561
555
559
560
559
553
554
553
554
548
546
540
545
547
549
546
546
548
553
553
549
557
561
561
554
559
560
559
555
563
567
560
568
569
568
561
560
557
555
547
549
549
543
535
526
524
527
533
535
533
534
530
526
521
518
512
506
503
494
491
489
483
482
479
482
480
479
473
479
511
1059
855
600
533
538
542
576
1157
771
582
561
546
545
543
558
554
555
562
569
588
601
628
607
601
577
588
584
579
588
584
587
579
583
587
585
583
565
567
558
554
555
550
546
548
550
559
557
559
555
552
548
544
537
539
540
533
530
533
532
531
531
531
528
528
521
521
518
520
516
514
511
511
510
508
502
499
495
492
486
486
484
484
479
476
481
479
479
479
478
476
478
481
485
489
490
494
501
505
510
512
512
516
522
519
517
515
512
510
514
515
514
515
521
515
517
519
519
512
516
521
515
518
524
537
541
536
534
533
530
525
517
513
513
515
513
512
511
508
506
502
500
501
499
498
500
502
505
502
503
508
512
515
520
514
513
521
530
535
536
540
535
534
536
530
525
524
525
522
522
521
519
525
528
532
531
536
539
540
541
546
548
551
547
549
553
553
548
547
548
552
548
548
548
551
552
552
554
562
559
560
562
559
555
552
547
542
538
535
535
535
528
520
513
512
516
533
537
536
534
534
538
537
535
537
537
536
535
529
526
532
532
535
536
542
553
560
560
564
569
574
564
563
558
559
556
550
550
555
552
551
548
557
560
563
563
569
575
575
576
573
579
578
569
568
571
569
564
563
564
563
561
559
561
554
545
545
539
536
535
530
528
530
526
521
518
516
516
520
519
518
521
521
514
517
515
515
514
513
512
524
525
530
529
524
521
521
525
521
521
521
518
518
519
521
524
527
526
525
531
529
531
523
526
527
530
526
530
529
532
528
525
527
526
523
520
515
516
517
517
519
521
529
538
550
557
560
557
558
559
556
552
537
531
534
536
531
526
529
528
524
524
523
518
517
521
520
521
520
520
521
524
523
522
521
521
518
517
518
518
521
521
541
553
552
564
565
564
565
564
566
566
560
553
549
543
537
530
526
520
519
519
519
516
512
511
514
517
521
528
530
528
528
524
522
518
518
520
518
516
516
520
526
526
529
529
529
532
533
528
519
516
517
528
532
531
532
532
533
532
531
528
525
527
525
524
522
519
519
520
514
515
502
506
497
503
503
500
505
506
504
508