470
471
475
477
475
470
473
475
476
479
479
476
473
471
470
475
479
486
495
498
490
486
482
483
487
496
499
492
486
482
480
475
476
479
492
508
529
536
541
536
529
520
504
491
479
479
473
469
476
475
484
486
484
483
489
492
494
488
486
495
492
483
497
497
490
488
493
495
497
497
495
509
514
521
520
520
534
532
547
536
524
534
533
539
526
520
515
510
514
525
543
566
572
559
555
544
543
555
588
648
692
713
702
673
643
608
574
545
534
530
527
541
570
623
677
686
679
619
580
563
550
559
567
565
564
550
537
528
524
521
522
521
519
520
515
510
507
506
508
517
533
559
590
602
595
566
544
541
540
526
523
515
515
517
511
501
500
501
502
501
501
495
498
495
493
488
486
492
503
550
733
699
677
674
665
646
621
596
576
558
544
533
522
515
508
515
546
621
742
806
800
764
677
621
594
582
571
542
533
525
518
516
514
515
515
510
508
504
506
501
504
501
501
498
492
495
494
498
502
498
495
493
494
493
486
490
493
492
486
480
479
469
468
468
470
479
479
478
477
480
479
479
473
479
477
476
471
479
478
479
475
486
479
490
486
488
487
488
489
480
477
475
477
477
474
473
476
479
487
495
502
511
510
509
508
509
497
495
499
497
489
476
474
474
468
465
465
466
469
462
459
462
459
460
458
453
460
460
457
453
450
453
452
451
455
450
449
452
448
451
449
447
454
456
457
456
460
455
460
459
456
458
460
461
459
456
458
457
453
454
451
445
444
445
447
449
454
453
451
448
453
452
450
450
449
449
449
448
445
441
441
439
438
435
435
438
442
446
453
460
458
456
452
446
446
443
441
437
435
431
433
430
429
427
426
426
428
432
431
432
436
438
443
447
441
446
445
438
452
445
444
445
438
439
438
433
429
429
428
429
426
426
430
430
431
432
430
431
431
435
438
437
442
443
439
441
441
445
442
438
437
443
439
438
433
437
436
437
438
438
438
448
451
447
449
457
464
458
455
457
462
461
455
452
452
455
453
451
448
452
455
452
448
446
445
447
445
440
438
438
440
438
436
431
438
438
436
434
437
438
438
438
440
432
442
438
438
436
433
430
433
435
433
433
433
437
438
439
445
451
454
455
459
463
474
465
465
465
469
460
452
450
446
444
444
442
448
448
453
449
446
447
437
445
444
440
444
442
440
442
439
437
438
436
433
435
444
456
460
464
469
474
469
471
481
476
471
475
464
461
455
463
460
457
450
450
447
445
441
436
434
435
429
431
428
426
422
425
428
426
427
423
432
432
434
428
433
436
435
433
431
430
432
426
424
423
426
425
423
424
420
422
425
425
429
427
426
434
438
439
438
438
438
444
441
440
438
441
444
441
440
445
443
439
435
434
431
427
426
429
429
426
427
425
429
431
432
429
434
433
439
434
435
437
435
429
438
434
433
433
437
436
434
431
433
434
426
436
432
436
432
430
429
431
430
425
425
421
418
422
417
420
423
428
429
431
444
456
462
460
460
461
461
469
484
496
502
508
510
504
491
479
475
472
469
475
470
465
463
464
471
467
459
459
456
466
463
461
460
461
461
464
458
452
451
448
445
439
438
439
447
449
454
461
467
469
467
461
456
454
453
448
444
439
436
438
439
438
435
436
440
446
450
455
456
463
476
470
468
469
470
462
457
453
455
452
445
440
438
436
435
434
436
433
428
427
427
426
425
422
422
420
421
420
419
416
415
416
417
419
418
416
417
418
419
419
416
418
419
421
423
422
420
423
422
426
426
423
427
428
429
431
428
431
430
434
433
430
431
433
435
435
434
438
439
442
442
442
446
431
431
432
439
438
446
441
447
450
451
450
446
446
442
438
441
438
435
435
433
430
432
427
424
422
425
419
421
418
419
418
415
412
412
418
424
431
439
439
445
446
449
450
448
443
438
439
441
431
436
432
429
429
427
430
432
431
430
429
430
428
426
431
430
430
430
430
433
432
430
428
430
431
433
427
429
428
431
431
428
428
428
434
432
429
429
429
427
428
428
423
423
425
428
430
428
424
432
430
433
429
429
434
429
422
420
424
420
416
415
416
414
410
409
408
409
409
404
403
409
407
408
406
406
406
409
410
408
406
407
405
408
407
405
404
404
400
404
401
401
401
400
399
396
395
396
399
401
407
407
409
411
409
407
405
406
406
407
404
400
400
402
401
402
402
403
401
399
403
401
404
399
399
398
400
396
397
393
394
392
393
392
393
390
390
390
390
389
389
389
386
386
387
386
386
387
386
384
390
386
387
388
390
390
390
390
389
389
390
391
391
389
388
390
392
394
388
390
390
390
391
391
387
386
389
390
391
393
388
391
392
391
390
390
390
392
391
394
394
392
390
386
388
384
383
383
379
381
379
376
379
379
378
380
377
377
379
383
384
388
388
386
390
395
394
399
396
394
400
401
400
397
396
396
397
397
397
393
393
394
393
396
393
392
394
392
393
394
390
387
390
389
390
391
389
388
387
390
390
390
391
362
390
393
393
393
395
393
393
390
392
392
393
394
387
395
391
392
391
391
391
385
386
392
386
386
389
386
381
384
381
382
381
385
384
387
388
393
391
395
393
392
395
395
390
392
390
390
388
387
390
392
391
386
380
383
386
389
387
388
386
382
393
392
393
392
395
392
385
391
391
390
384
385
382
389
384
382
382
381
379
383
381
377
381
379
380
381
380
382
382
382
381
380
379
383
379
378
377
377
377
379
377
374
377
380
381
379
380
381
382
382
384
388
389
394
395
393
393
397
398
396
392
393
392
396
394
392
389
391
390
392
391
389
385
387
384
390
383
387
386
384
385
386
384
383
383
376
381
380
377
378
378
375
377
376
379
380
382
385
382
381
380
387
385
384
382
386
389
387
384
384
389
389
387
383
385
391
389
385
387
386
385
383
382
384
380
382
381
379
377
377
379
378
377
375
373
378
375
379
381
381
383
379
382
381
381
380
380
379
377
379
377
378
378
379
380
376
376
380
379
380
381
377
378
383
381
383
382
378
381
380
379
382
380
382
378
379
379
381
380
382
379
378
378
379
378
380
379
380
377
377
377
377
375
376
374
375
371
375
374
375
373
374
372
374
374
376
372
374
373
374
372
375
375
372
369
375
374
374
370
372
372
373
371
370
374
369
373
371
373
369
374
371
370
367
372
372
372
371
371
369
369
373
369
372
374
371
373
373
370
377
377
375
374
372
369
374
371
372
373
371
369
374
371
373
373
373
373
375
372
372
376
377
377
376
374
378
376
380
381
377
377
377
377
379
375
373
375
375
372
375
372
376
375
374
374
372
376
375
374
372
374
371
373
374
371
372
369
371
373
373
373
372
368
370
368
366
368
365
365
365
363
362
363
361
359
361
360
362
362
363
360
361
359
365
363
364
364
363
365
367
364
364
366
367
366
371
371
374
370
370
373
375
374
375
369
371
369
372
372
373
370
368
372
374
376
375
376
375
375
376
380
377
380
378
375
378
380
381
379
375
375
378
377
378
376
373
368
374
373
371
369
368
370
368
369
368
366
364
368
366
362
363
362
361
363
362
359
358
359
356
359
358
359
361
359
355
357
364
362
364
365
366
368
368
369
368
365
362
363
369
363
366
365
362
364
364
364
366
369
368
371
370
367
368
372
370
370
366
368
367
366
366
367
369
366
366
366
366
364
364
365
362
361
363
362
362
361
360
358
361
359
358
360
360
363
361
360
361
360
362
364
358
361
360
359
360
359
358
359
361
358
362
363
362
364
361
359
363
360
362
360
361
361
359
358
359
359
360
362
364
363
369
369
372
373
374
375
378
379
375
373
375
373
372
369
371
367
368
366
367
370
370
369
368
366
366
363
365
367
368
368
370
370
370
373
374
373
372
373
370
368
369
369
369
372
366
368
367
368
369
373
368
368
368
370
371
375
374
373
371
377
378
381
384
381
380
381
383
378
381
382
378
376
379
375
379
381
377
380
380
380
380
382
384
390
390
389
390
395
396
399
395
396
396
397
396
399
394
396
394
397
397
400
396
397
398
398
401
404
400
399
405
405
407
411
407
408
411
411
415
417
410
412
413
414
413
405
407
408
402
403
405
402
398
397
400
398
401
400
396
395
397
397
399
400
405
406
403
405
409
409
417
417
416
419
426
431
431
430
435
440
443
441
438
439
440
439
442
442
437
437
438
439
439
437
437
437
439
442
440
437
438
442
442
445
442
439
444
444
442
437
440
440
443
441
440
442
440
446
447
448
448
443
442
428
435
433
432
432
427
427
432
437
438
448
469
503
548
581
581
598
596
550
521
508
496
487
483
476
470
468
471
473
461
474
474
477
477
476
471
468
458
452
452
449
449
448
448
449
444
439
445
444
447
450
447
451
456
452
451
455
458
468
473
473
484
490
494
481
492
490
484
476
479
479
477
470
470
465
455
458
461
461
466
465
465
471
480
482
479
485
493
501
502
495
506
499
487
493
487
486
476
484
484
489
481
490
482
482
479
470
465
472
469
470
467
467
463
462
459
456
460
458
461
454
456
455
454
449
444
444
447
446
445
443
442
451
451
447
451
454
457
458
454
452
451
451
450
446
448
451
455
452
449
449
455
457
461
456
459
457
457
457
455
451
454
457
460
458
458
460
466
465
463
465
471
477
477
477
481
485
490
487
482
475
478
478
478
472
470
468
469
476
479
479
479
480
491
490
490
486
500
501
497
492
494
495
496
492
487
492
484
479
476
476
477
481
477
474
476
476
478
476
475
468
467
469
471
465
465
464
476
478
483
496
495
508
505
507
499
493
485
482
476
471
469
466
454
466
463
460
462
462
459
457
453
451
445
447
452
454
448
457
462
459
464
461
459
456
447
452
452
447
446
442
444
446
453
454
454
456
470
472
472
467
485
485
481
479
477
478
482
484
481
479
484
483
487
481
475
479
482
481
479
479
483
479
479
491
501
497
499
501
511
515
511
500
490
483
480
482
486
498
517
521
517
510
499
492
494
495
494
490
487
482
492
482
484
482
492
486
487
485
495
487
487
484
491
484
479
489
480
479
477
473
468
476
473
471
478
472
467
472
470
471
469
464
467
457
466
466
461
460
458
456
456
453
452
454
453
456
456
457
460
461
459
455
454
449
451
444
455
455
450
454
450
449
453
450
447
447
446
443
442
440
440
436
436
436
436
432
428
433
434
431
434
430
428
430
434
433
430
433
435
435
436
431
433
436
435
432
428
429
432
432
434
433
430
427
422
427
427
421
417
418
424
432
444
466
485
516
757
716
677
612
530
508
479
477
477
479
465
475
469
455
461
457
459
456
455
450
448
442
439
438
438
438
439
437
436
437
436
427
434
432
429
427
425
426
426
425
421
423
424
422
420
417
427
425
425
418
426
430
430
427
431
437
439
438
435
444
441
439
433
439
440
439
432
436
436
434
433
427
435
436
436
434
433
438
438
439
437
443
443
439
435
440
441
439
436
435
440
441
441
439
440
447
447
446
443
453
457
455
454
458
464
464
460
458
460
467
463
458
446
466
459
458
455
451
447
441
445
438
438
438
436
430
433
432
428
426
429
430
429
429
424
423
422
429
434
441
449
453
458
462
459
450
462
457
445
452
452
451
450
443
454
461
470
473
486
513
521
518
547
541
513
503
508
497
492
480
490
473
459
471
467
467
463
461
463
459
452
452
447
450
452
465
474
481
521
707
708
700
635
618
607
579
542
520
508
505
491
483
489
483
474
483
483
481
477
484
488
489
482
495
493
483
500
499
496
497
489
477
490
481
483
482
472
492
498
504
515
519
520
516
503
497
493
496
489
488
480
489
490
493
493
492
493
507
515
508
510
508
515
511
502
505
500
495
502
491
483
493
492
502
502
502
500
500
495
488
492
493
492
491
491
483
480
479
479
479
480
488
504
501
502
522
518
517
511
513
507
494
509
487
481
472
488
479
471
467
473
469
469
466
481
488
493
487
508
508
513
506
504
494
488
481
482
483
482
479
497
517
538
563
792
689
679
643
630
615
572
530
512
494
487
477
484
517
782
808
757
715
673
640
594
586
553
540
542
532
530
524
538
534
526
521
510
511
508
505
490
497
489
485
489
486
498
498
500
494
493
488
494
487
481
491
490
494
496
490
483
495
498
503
501
521
516
518
513
523
521
515
509
522
521
518
516
535
542
542
540
574
576
568
561
563
542
539
533
540
542
540
529
531
521
516
510
520
516
526
554
563
577
605
591
577
565
567
554
541
543
534
525
514
515
513
513
504
523
527
535
528
537
533
536
532
533
527
522
520
526
521
518
511
507
511
517
530
541
542
542
549
542
541
555
565
552
550
554
533
525
511
506
491
485
477
479
464
471
468
473
471
470
466
462
455
455
455
450
454
454
460
454
471
472
483
487
495
496
491
489
488
486
484
481
479
476
472
468
472
471
470
466
470
472
480
494
502
516
540
528
527
517
493
477
467
461
461
455
449
444
442
442
440
438
433
431
428
427
421
418
412
411
411
409
408
407
406
407
406
402
400
401
400
397
396
394
395
394
393
392
389
389
386
387
385
385
382
378
377
376
376
375
373
368
370
367
370
369
367
366
366
363
370
368
368
367
364
365
369
368
367
366
365
367
366
369
369
368
367
366
367
367
371
370
371
368
367
368
372
370
371
369
369
369
371
372
371
369
371
369
370
371
371
373
374
372
371
374
372
376
374
377
376
377
374
373
373
375
375
375
373
372
371
372
372
369
370
369
370
370
368
368
368
370
371
372
369
369
369
370
371
371
370
369
369
371
372
369
368
369
370
370
370
369
366
369
370
368
370
369
369
368
365
366
369
368
368
368
366
369
369
368
369
367
368
366
363
366
366
368
369
369
365
366
369
370
370
366
368
366
369
369
369
366
366
366
369
368
369
368
367
366
369
371
369
367
369
369
369
367
369
369
367
369
366
366
368
365
366
366
367
367
369
362
371
371
371
373
372
374
372
373
376
374
378
374
374
370
380
379
376
374
374
376
380
378
376
377
379
384
383
379
380
383
386
387
383
383
388
387
390
386
387
381
387
384
383
382
384
380
379
380
381
382
378
378
381
383
382
384
385
381
381
385
383
385
385
388
387
383
384
388
387
386
387
388
386
382
381
382
386
386
383
384
387
393
395
393
396
396
399
403
410
408
411
407
412
416
418
416
413
412
408
404
412
413
412
418
421
422
413
417
419
418
411
400
406
400
399
392
391
393
393
396
393
391
390
396
399
401
400
401
409
413
410
407
408
411
414
413
407
404
411
412
407
401
403
408
408
403
398
402
403
403
401
398
396
402
402
399
395
398
400
397
396
395
399
401
400
395
396
397
399
397
391
390
394
392
393
388
385
390
391
388
386
388
390
391
395
391
389
387
396
396
395
391
391
392
395
393
389
388
389
386
382
382
383
386
388
388
390
389
393
391
382
393
391
389
385
378
380
382
380
378
377
376
373
371
370
371
371
367
367
368
368
367
366
367
369
370
370
365
369
368
370
366
367
372
371
372
369
367
377
374
375
371
372
379
381
380
379
372
384
381
382
384
385
385
388
386
382
384
384
384
383
387
383
379
384
382
384
384
386
382
382
385
386
389
390
385
386
390
390
389
384
383
387
388
385
388
384
378
384
384
382
379
377
380
379
379
376
377
376
380
377
377
372
372
373
373
374
370
373
372
372
369
369
370
370
371
370
367
367
369
371
368
367
369
367
373
370
369
371
371
367
366
370
369
373
368
368
368
370
369
368
366
367
365
368
366
368
363
363
364
366
365
364
364
367
366
367
368
371
369
366
368
371
372
370
373
374
370
372
372
371
370
373
373
374
376
377
376
380
375
374
376
378
377
379
371
372
377
376
379
373
371
374
375
376
376
370
372
375
376
376
373
372
377
376
377
375
374
377
380
382
378
377
380
382
382
379
374
384
383
382
375
381
382
382
379
378
378
375
372
378
377
377
378
380
379
380
380
376
380
378
378
378
378
377
378
379
377
378
374
377
375
378
376
378
376
371
373
373
371
373
371
373
370
370
369
370
366
367
366
363
364
362
361
361
359
359
355
355
354
354
353
348
354
350
349
349
346
346
345
344
342
342
342
340
340
341
338
336
336
337
335
337
335
335
336
336
335
334
333
334
332
331
331
334
331
334
334
328
333
332
330
333
328
330
327
334
326
326
326
326
329
326
324
333
325
328
325
330
328
327
326
325
325
325
326
326
327
325
331
329
330
330
328
334
329
331
329
329
326
331
329
326
325
328
327
331
325
328
326
327
324
328
320
326
320
326
319
325
320
323
319
321
322
319
318
319
320
317
317
318
317
318
313
317
314
318
316
315
315
314
318
318
314
313
318
316
315
313
317
314
316
313
310
322
315
313
319
314
317
313
315
316
313
316
314
317
313
314
316
313
313
311
315
313
316
318
316
308
318
313
316
314
313
313
315
311
313
313
313
313
309
313
311
314
313
314
310
314
314
314
312
314
313
314
312
312
312
313
311
313
314
311
314
312
312
307
315
310
310
622
312
313
308
311
311
311
313
309
312
311
312
307
311
313
307
314
307
312
308
310
310
309
310
311
310
309
308
311
306
309
313
307
307
311
306
308
307
310
309
312
310
308
311
309
307
310
307
307
311
307
312
306
313
307
313
310
311
307
312
311
313
307
308
311
311
308
312
309
311
309
309
313
311
310
619
312
308
310
310
310
311
309
313
311
308
313
311
312
312
312
312
313
314
313
313
313
315
312
316
314
315
317
313
319
316
316
318
314
319
316
317
318
317
319
318
320
319
315
320
320
320
321
316
322
319
321
321
322
318
321
320
320
321
322
324
322
321
318
321
322
324
322
325
324
323
322
322
324
325
324
323
324
326
325
325
327
326
327
322
328
326
328
327
330
328
328
328
329
329
331
328
326
328
328
328
331
330
331
326
331
329
331
329
331
327
331
332
331
330
331
331
331
331
332
330
336
332
333
328
333
333
333
327
333
331
332
332
328
333
333
331
331
330
332
332
334
332
331
332
334
334
330
334
333
333
333
331
334
334
335
334
332
333
332
334
336
334
332
334
334
336
335
337
334
336
337
338
337
337
338
338
339
339
337
341
339
342
341
338
340
340
342
341
342
339
341
343
343
342
341
343
344
343
344
342
345
345
346
344
343
345
345
347
346
343
348
347
349
347
346
349
350
348
347
350
348
344
346
348
348
347
346
346
349
349
348
346
350
352
347
345
350
350
349
349
345
350
344
345
345
348
346
347
348
347
342
346
348
344
343
345
341
348
346
345
344
348
346
347
347
350
351
349
346
350
350
352
351
351
349
352
354
352
351
354
354
357
352
353
594
297
803
375
275
303
429
306
296
260
352
335
286
256
3277
358
358
355
356
358
360
357
354
720
360
355
360
359
357
354
358
472
2432
1982
255
1173
351
287
321
3551
287
506
1509
354
691
369
371
371
362
363
361
367
367
369
365
364
367
367
365
367
369
368
366
368
371
368
370
368
370
369
371
369
368
369
370
374
370
369
373
374
373
369
368
375
373
371
374
375
372
374
377
376
373
370
374
379
375
372
375
379
379
377
373
379
382
376
377
380
382
381
379
380
382
384
382
383
382
382
383
387
384
382
384
384
388
384
381
382
387
386
388
386
384
384
386
388
388
387
385
385
388
390
385
392
390
390
385
389
390
393
390
387
392
393
395
388
389
391
394
390
388
389
392
394
391
392
395
398
398
394
401
402
405
402
402
406
409
409
410
407
404
401
405
408
410
414
411
406
411
412
411
400
408
407
407
406
404
406
406
400
400
404
407
405
403
405
406
409
411
405
411
413
417
413
413
415
418
421
419
415
422
423
426
425
419
427
428
430
427
429
427
432
433
431
433
434
437
438
435
434
434
436
437
437
437
436
434
432
433
432
431
433
435
432
434
436
438
440
441
442
445
445
438
434
431
438
443
439
438
436
440
439
438
433
435
440
438
433
434
433
429
426
423
429
433
428
425
425
421
415
421
423
424
425
418
424
420
416
414
427
423
424
421
427
430
433
431
429
440
444
441
439
445
452
447
444
449
456
453
448
448
456
443
463
462
463
464
456
453
456
462
448
446
453
456
462
453
453
454
466
468
457
457
462
469
471
461
459
461
470
472
458
460
467
473
461
458
459
464
471
474
465
466
469
481
479
470
472
476
486
481
474
473
484
488
475
471
471
474
480
479
488
475
475
476
489
476
473
468
463
462
467
471
476
477
474
471
475
479
476
469
468
471
470
475
471
468
469
469
471
476
469
466
467
469
473
477
478
470
470
475
475
481
479
474
475
478
480
485
479
478
479
489
489
480
480
483
492
489
482
481
484
489
488
484
480
479
480
486
483
475
475
478
478
479
485
479
478
479
482
489
479
479
481
487
479
478
477
474
476
478
479
481
480
474
475
479
484
485
481
476
476
481
486
486
483
478
474
472
477
479
473
467
466
474
478
474
469
467
475
479
481
475
472
481
487
484
479
478
478
480
486
491
497
495
487
484
500
490
483
479
488
481
474
467
470
471
472
472
471
466
466
464
457
454
460
462
457
452
453
454
456
454
459
461
464
460
458
460
465
463
462
463
466
467
470
472
471
468
466
464
466
469
473
470
476
476
476
476
472
468
470
470
476
476
479
474
473
473
476
477
478
484
482
479
480
483
482
484
488
489
483
483
478
474
477
476
478
476
479
479
472
469
471
471
472
470
471
472
473
473
478
477
472
469
475
476
482
480
476
472
475
475
478
478
474
469
470
469
470
469
471
471
473
472
476
470
467
468
468
472
474
472
468
466
468
470
472
471
473
474
476
470
471
470
467
467
463
462
467
469
468
466
467
472
469
470
467
460
460
460
466
467
469
471
471
467
467
469
472
473
476
477
480
476
475
479
479
484
479
482
482
479
476
478
479
478
478
483
482
478
476
478
479
483
483
477
470
470
477
482
481
477
473
471
473
474
475
475
477
479
484
485
484
478
477
478
483
483
487
484
480
476
477
478
479
479
479
480
481
480
484
485
487
482
479
480
483
481
480
493
492
493
491
485
482
484
486
486
492
492
486
484
486
485
485
487
487
492
498
495
495
496
490
484
485
485
486
493
494
490
486
484
483
491
490
495
496
494
490
492
487
496
496
490
484
482
485
485
491
491
493
485
482
482
480
481
482
480
479
477
476
471
472
479
472
481
480
480
472
480
470
484
481
480
474
474
477
475
486
486
483
484
480
483
489
483
488
479
488
481
492
477
486
486
490
491
486
476
472
480
482
482
479
482
477
474
474
478
480
479
471
469
458
474
475
477
479
484
483
478
474
473
475
475
473
468
467
466
464
466
456
469
469
471
468
474
475
475
471
472
465
482
484
491
500
492
495
491
513
517
517
513
517
520
529
531
522
521
526
521
536
524
520
513
530
516
532
514
510
518
506
496
516
517
509
497
529
517
511
498
530
515
503
530
521
515
530
521
520
520
517
518
518
538
536
527
521
547
530
529
539
542
532
527
526
545
536
551
560
570
589
591
594
615
610
598
584
580
580
580
584
565
551
544
549
548
542
536
535
532
542
537
526
518
520
521
538
536
532
535
553
552
551
570
570
579
586
574
564
559
568
571
586
588
586
598
603
612
585
590
560
560
561
573
558
550
547
547
563
564
557
554
555
560
563
558
574
571
573
554
540
540
541
546
546
542
537
529
524
522
514
529
530
528
526
534
521
519
521
541
547
543
546
550
582
578
565
564
618
613
639
647
675
694
707
659
684
646
671
634
626
583
566
565
609
601
589
575
582
589
620
629
619
613
619
629
636
640
640
635
623
619
619
624
626
600
605
609
616
602
653
658
650
648
608
646
596
611
576
594
565
578
535
526
523
508
540
515
516
511
510
514
503
531
516
534
529
528
518
516
515
527
528
533
535
524
521
521
538
540
548
537
543
555
569
582
597
584
576
580
579
616
604
606
596
595
586
567
565
574
595
604
614
594
589
589
591
613
619
613
606
631
632
640
627
625
607
591
573
615
605
598
593
595
594
602
625
608
604
604
623
612
608
604
603
582
583
577
599
578
619
612
631
623
605
589
587
587
595
595
580
572
571
568
565
564
563
563
551
549
550
548
542
543
561
562
573
578
584
571
580
604
603
608
583
589
614
608
618
630
639
630
615
622
648
639
646
614
623
633
628
630
615
604
614
629
629
625
608
606
618
630
631
637
618
604
611
627
641
644
654
657
662
649
667
676
665
647
631
625
601
586
585
598
610
613
625
619
604
615
629
634
642
644
621
621
632
641
638
640
626
640
647
653
656
634
644
660
658
661
644
641
650
657
655
631
619
627
645
642
644
646
637
619
625
637
635
637
634
617
628
639
640
634
613
623
636
634
615
619
633
637
633
610
612
625
630
630
614
619
608
614
620
610
614
594
572
569
566
591
593
590
584
582
576
586
577
570
562
565
573
565
563
566
563
560
560
561
559
556
560
565
575
587
602
618
629
636
643
648
647
641
628
628
607
624
626
618
609
599
586
593
585
583
581
580
566
570
572
578
579
583
589
586
569
589
592
589
587
587
578
584
575
570
572
580
570
582
589
593
596
591
601
595
585
595
588
582
577
579
572
566
561
556
540
548
537
535
529
528
523
522
517
514
515
513
510
512
512
514
519
523
526
536
544
551
558
563
568
570
565
578
573
571
563
575
570
564
566
554
552
559
561
563
558
561
572
567
570
571
557
576
563
564
560
550
557
546
539
539
537
536
536
532
532
531
523
531
528
531
531
531
544
550
552
542
568
565
570
567
568
560
568
558
547
536
544
539
554
557
563
564
563
574
572
574
574
576
574
576
576
570
562
560
555
563
563
561
564
564
567
570
575
574
578
575
572
574
575
573
568
563
557
554
547
554
553
554
550
547
550
550
554
556
557
557
556
554
549
546
543
539
534
532
530
531
535
544
567
603
654
684
700
699
684
671
657
649
637
635
630
624
618
610
603
600
597
592
584
580
574
572
578
579
581
582
574
573
575
576
572
570
562
561
561
562
564
570
579
592
603
605
605
600
595
583
576
574
563
558
560
550
546
544
545
543
543
543
542
546
557
573
598
617
624
633
644
637
632
623
617
611
599
585
582
581
578
576
575
570
571
584
584
592
588
592
602
601
592
593
599
591
586
576
575
572
572
570
568
567
565
571
567
561
556
551
549
555
554
553
554
556
557
557
558
561
561
561
560
554
556
557
559
561
561
563
563
563
562
562
558
557
556
557
557
559
561
561
557
554
565
563
565
566
563
563
568
562
564
561
560
560
559
557
554
552
558
555
557
554
555
552
562
562
564
562
555
569
563
564
563
562
561
564
563
566
564
561
562
562
566
565
567
566
566
567
565
573
572
576
576
577
579
582
584
577
579
577
575
563
564
564
568
564
566
563
563
562
562
562
561
563
562
564
562
562
561
565
561
557
559
555
553
547
545
547
549
554
559
567
576
576
580
585
588
595
596
592
587
588
591
594
596
592
592
596
601
604
604
605
595
595
595
598
600
598
588
583
584
585
588
589
592
592
595
597
596
596
590
588
590
590
589
583
584
585
589
582
567
567
572
576
575
596
604
610
587
592
573
616
598
598
593
587
581
579
571
564
562
556
544
546
547
547
530
516
512
524
526
549
539
562
560
549
577
569
573
569
561
558
562
556
553
552
554
554
554
551
552
561
567
573
568
572
584
588
595
595
597
589
588
584
581
575
572
565
563
557
551
547
542
539
535
528
531
541
544
553
559
564
568
579
586
590
592
601
604
604
599
590
589
596
597
597
597
596
601
585
576
579
583
568
572
565
570
578
590
588
605
625
636
634
623
636
641
637
629
625
624
611
604
597
589
574
575
575
568
558
546
534
531
546
564
583
611
632
641
644
643
642
636
630
623
617
597
595
584
571
567
556
552
556
548
544
536
530
528
523
517
513
508
503
498
496
495
494
492
494
490
490
493
492
487
494
492
493
492
493
490
484
480
476
477
487
480
484
483
485
485
486
486
486
490
488
487
486
484
482
488
487
482
487
485
485
484
486
486
491
494
499
504
507
511
510
511
512
506
517
508
508
505
504
502
500
499
495
493
496
492
491
493
494
498
502
502
504
503
512
512
517
518
517
513
512
514
515
513
491
498
507
503
506
510
508
503
499
506
500
493
501
496
494
494
496
494
484
500
495