636
630
592
596
596
612
643
618
644
655
630
628
634
631
624
598
592
579
569
564
563
578
591
599
611
588
575
564
550
548
544
542
544
545
552
553
546
539
531
534
528
523
527
549
582
642
700
735
733
698
661
592
587
572
559
550
527
535
539
549
563
604
646
654
609
614
617
631
642
622
589
573
563
547
541
551
563
606
706
692
695
727
755
738
704
636
626
608
602
586
613
633
684
670
738
759
744
713
636
629
623
629
628
656
658
670
696
670
690
687
622
644
644
653
684
651
617
626
628
646
650
646
680
684
718
712
678
657
629
613
604
600
584
598
628
707
769
752
667
674
655
634
624
600
582
597
624
721
880
843
745
748
728
708
658
616
615
602
591
596
622
609
578
567
578
590
605
662
699
690
638
636
622
610
604
604
581
576
572
571
570
596
636
647
633
641
644
656
666
633
608
609
608
603
607
615
635
624
633
641
637
649
633
614
590
569
552
548
548
537
554
549
547
544
552
549
548
547
530
541
534
523
521
512
513
512
513
507
501
501
499
496
498
494
495
497
494
493
490
483
482
488
486
484
486
487
488
481
482
483
483
480
476
468
467
468
469
469
476
492
498
530
565
594
594
553
562
568
579
572
549
549
548
528
518
509
500
496
493
489
491
493
501
515
528
558
579
581
557
547
543
549
546
548
536
528
530
533
527
523
519
518
518
515
531
566
627
619
574
566
545
555
544
535
528
521
525
530
533
524
537
533
526
525
528
529
529
530
529
545
548
538
553
546
544
539
545
540
531
520
510
516
508
507
510
515
522
526
522
525
514
521
505
508
507
498
505
507
514
521
524
527
538
544
545
533
539
532
524
521
513
513
515
512
511
508
509
513
521
529
519
529
546
571
568
584
577
556
562
557
548
530
532
536
538
543
534
551
558
569
558
541
538
543
540
539
536
525
525
527
526
527
528
516
528
523
524
531
540
525
520
523
524
521
517
520
525
525
519
516
529
551
584
570
556
554
561
560
557
558
553
548
518
513
516
506
491
486
484
489
488
510
551
569
569
601
623
621
604
587
587
577
552
556
551
544
541
537
551
560
564
557
553
557
565
573
563
564
567
558
545
547
542
537
530
530
533
532
531
525
538
554
548
553
546
542
539
532
534
532
532
521
516
509
511
521
528
548
553
553
566
567
567
547
533
528
526
521
527
545
565
568
579
600
606
604
599
564
546
546
541
534
530
531
528
521
527
534
553
605
602
622
618
609
604
578
558
548
547
539
532
529
531
555
611
619
643
619
624
615
592
582
563
539
533
527
523
517
512
516
539
602
758
643
648
625
639
621
623
572
551
546
537
526
515
517
529
548
571
560
551
554
556
559
555
540
525
524
521
521
523
527
515
524
524
520
521
524
522
513
514
521
531
556
563
548
565
601
594
564
547
527
518
518
520
523
524
518
517
521
523
523
521
519
521
527
526
521
517
524
532
549
552
542
536
548
549
551
533
521
522
526
525
522
534
546
564
544
549
550
555
539
526
543
544
538
534
530
536
534
544
537
533
571
578
560
560
577
544
539
572
583
573
551
577
563
551
524
530
521
517
510
514
523
521
528
528
526
520
524
522
520
509
509
508
504
501
497
506
535
619
785
659
638
624
602
559
563
554
550
553
538
526
528
531
532
542
545
538
532
530
534
533
538
522
517
514
519
521
525
534
547
556
533
540
543
543
535
521
521
513
493
497
498
499
505
501
500
501
487
477
479
479
479
474
465
464
463
461
459
457
459
455
453
456
457
460
466
476
482
473
470
470
466
470
471
475
469
464
455
455
455
456
452
450
446
439
438
439
440
442
446
455
454
455
454
455
459
470
474
469
464
466
465
465
465
468
461
457
461
458
459
458
460
465
460
457
460
464
469
467
468
469
466
458
463
465
467
466
467
469
468
460
455
460
461
460
462
474
474
471
476
486
499
507
518
516
502
500
502
500
493
489
480
481
479
468
467
468
474
478
484
503
517
501
512
518
522
528
515
508
502
502
493
486
483
476
463
456
457
457
457
458
465
469
459
453
455
455
459
466
468
473
467
460
459
457
457
461
466
472
475
479
482
486
484
471
464
463
466
468
472
477
471
467
467
472
481
487
484
478
477
478
478
480
485
493
499
499
494
480
473
474
475
474
472
474
479
493
495
486
479
474
476
478
486
486
476
473
474
472
469
469
470
473
475
466
468
469
469
462
457
459
460
462
465
464
464
464
464
461
463
464
462
462
458
454
450
447
446
447
447
452
452
460
462
461
464
475
479
471
466
467
470
475
477
473
472
468
466
462
459
453
443
442
441
441
445
455
461
477
490
486
495
506
491
483
493
501
502
494
485
479
483
489
492
496
508
505
493
479
476
477
477
476
478
498
509
499
489
484
491
505
517
500
492
492
498
500
499
487
487
486
475
475
471
469
474
465
472
471
468
473
478
478
479
479
477
478
478
479
485
496
492
485
485
486
489
484
486
489
488
484
489
488
499
502
498
483
488
486
481
479
480
477
467
461
460
462
464
472
479
495
499
493
498
495
493
482
481
481
483
483
487
486
481
478
478
481
487
494
488
480
482
485
495
497
496
483
482
485
485
487
477
474
470
475
478
481
487
488
492
484
477
474
475
478
485
481
477
471
476
479
481
490
502
510
500
502
500
497
497
500
500
495
488
484
483
481
481
489
486
480
484
487
484
476
470
475
472
460
463
467
463
460
454
452
452
455
454
454
458
457
455
456
456
461
464
460
461
459
462
456
449
451
452
451
453
458
471
466
459
456
459
459
461
454
451
450
447
449
452
452
454
457
461
466
456
454
456
457
456
455
459
467
462
459
461
469
472
474
478
470
466
463
462
460
459
457
454
451
452
449
445
446
447
450
451
455
465
473
480
486
491
499
506
496
490
477
467
459
454
453
456
467
489
485
477
475
480
494
513
519
498
484
486
493
502
511
497
482
482
488
487
484
480
472
463
461
459
460
463
468
466
469
473
473
474
483
489
486
477
473
475
479
486
491
496
501
500
501
484
477
475
478
482
496
503
493
489
489
493
494
499
503
501
484
476
470
466
470
470
472
470
473
467
456
453
454
454
461
479
531
512
491
483
491
496
497
494
486
481
474
466
463
461
461
464
462
459
454
458
459
466
477
484
482
480
479
480
482
502
500
503
506
499
492
484
477
474
474
477
490
518
529
521
529
557
597
624
568
552
544
528
522
523
511
507
510
521
557
678
703
619
612
606
626
576
555
540
536
533
521
516
518
534
605
906
758
739
725
719
669
586
564
550
547
529
521
523
528
585
642
613
631
652
689
603
591
563
565
562
554
547
546
538
521
520
514
516
537
609
690
639
633
646
689
632
619
604
582
565
563
563
566
557
541
531
527
538
562
608
643
632
675
688
641
605
608
585
565
562
560
567
574
584
561
563
580
636
709
660
638
647
650
643
598
584
565
560
558
584
602
601
658
774
826
761
771
759
729
671
662
642
618
592
586
580
578
582
562
559
564
577
608
646
657
602
584
573
564
554
539
524
514
502
496
490
489
496
539
732
734
689
678
672
666
644
583
575
558
545
553
571
552
537
524
520
516
520
515
519
526
545
587
600
576
554
538
513
498
495
498
491
482
476
476
471
464
455
448
448
442
441
436
433
431
432
437
441
443
441
442
445
452
465
479
480
480
479
474
475
475
476
477
474
467
464
464
463
463
466
463
460
460
458
461
461
464
467
472
477
472
474
473
475
480
491
488
482
487
487
486
495
488
482
479
482
481
479
475
475
476
477
479
484
488
485
488
484
491
504
499
498
493
492
493
499
496
496
488
487
483
484
489
489
487
492
493
501
513
526
516
505
504
503
507
510
507
500
496
501
502
501
495
496
496
505
500
501
500
503
505
508
508
502
509
506
495
488
490
490
501
520
571
563
532
539
547
563
577
574
546
533
531
523
532
539
540
529
525
526
530
553
553
537
526
527
533
541
541
532
521
511
499
495
495
504
521
548
586
597
584
571
546
519
520
512
515
515
518
511
512
524
545
550
534
527
537
540
539
530
519
514
517
517
521
521
526
513
509
511
514
517
524
538
525
514
525
532
552
540
524
522
522
520
517
512
502
492
479
479
479
480
487
510
517
510
501
507
510
519
529
523
514
509
506
502
506
506
501
497
494
497
505
527
558
569
539
524
527
536
545
544
531
521
511
506
499
499
494
490
491
500
503
522
547
525
515
517
518
526
525
513
509
508
509
515
516
503
495
488
487
483
483
491
486
490
494
511
540
575
558
532
544
556
555
531
532
538
543
542
520
505
497
494
494
497
508
515
515
515
530
558
578
539
526
535
537
540
526
513
507
505
502
507
508
502
499
495
498
508
515
518
508
507
503
507
511
518
505
504
501
503
508
515
507
501
501
497
496
492
488
486
489
489
497
507
517
504
497
494
492
495
495
492
488
483
482
487
491
497
502
502
489
479
478
479
483
499
508
501
495
505
518
534
538
515
504
514
512
511
502
495
487
473
466
463
466
465
471
483
509
530
532
528
530
507
500
508
507
504
510
510
498
490
488
487
493
505
517
510
520
522
531
545
529
519
527
534
549
524
513
512
513
518
516
501
489
481
478
477
486
519
597
584
583
541
527
533
546
553
558
528
519
523
521
520
512
497
495
503
510
519
530
521
521
524
529
523
523
503
495
496
494
498
503
495
491
489
493
505
538
559
532
526
521
531
524
527
525
518
501
493
487
482
483
484
492
510
525
549
562
554
536
521
516
512
519
523
499
494
497
500
506
505
498
492
492
500
516
527
538
518
509
521
518
517
519
515
513
509
500
496
498
488
483
482
485
489
506
554
572
541
539
552
566
568
576
562
524
541
526
518
512
514
498
493
495
492
492
486
490
491
504
526
557
546
528
521
506
497
496
493
490
490
502
504
512
515
512
497
488
484
482
481
487
493
507
495
488
494
505
519
536
538
519
507
509
512
512
520
532
514
515
513
514
523
520
524
511
511
502
511
514
514
513
514
521
536
534
533
539
535
525
526
532
545
569
570
565
605
658
664
651
605
589
580
578
567
565
548
545
534
546
596
676
619
600
612
635
588
583
569
569
550
552
559
592
742
770
778
812
720
696
675
668
630
596
586
604
631
611
625
660
729
704
710
691
639
625
604
579
563
560
562
584
709
791
769
787
786
683
671
659
669
635
587
578
563
558
559
609
602
587
620
655
605
586
569
563
566
564
566
569
616
661
630
644
660
688
625
614
612
635
661
635
603
562
548
539
553
594
683
691
738
748
787
757
691
686
664
646
598
590
581
570
563
558
556
557
550
544
537
533
539
563
605
625
623
576
564
549
550
558
575
614
632
585
575
574
604
630
599
602
597
602
581
569
568
567
565
554
541
540
536
546
575
590
614
655
719
617
581
552
540
521
507
493
489
486
478
467
460
455
457
452
449
447
448
452
447
443
438
438
439
438
438
435
433
435
435
435
437
438
441
439
436
437
438
435
434
431
426
420
421
420
420
419
416
413
412
407
405
403
404
404
405
407
409
408
405
405
407
409
410
412
413
414
415
412
412
412
411
411
411
409
413
411
410
410
411
410
412
411
411
411
412
412
410
410
409
407
407
407
407
406
407
404
404
399
397
397
396
394
394
396
396
395
396
393
396
396
396
396
398
397
393
390
395
394
396
396
395
392
389
394
393
396
395
396
398
399
402
403
404
407
409
411
414
414
412
408
405
401
401
401
399
400
399
398
397
396
396
397
397
398
399
398
400
400
398
396
399
399
400
400
399
397
396
396
397
398
400
399
399
398
396
396
396
397
396
394
395
394
395
393
392
392
394
394
394
396
396
396
396
396
396
398
398
397
398
396
397
395
397
397
397
398
398
399
401
400
398
400
399
399
403
402
403
400
402
401
400
399
400
400
397
396
397
398
399
398
400
400
398
396
396
396
396
396
395
394
392
387
392
390
390
388
389
387
387
384
381
381
385
383
381
383
383
383
382
382
382
384
382
382
382
380
383
382
382
381
384
384
383
382
381
380
378
374
377
378
377
375
375
375
375
373
376
376
377
376
376
375
376
375
375
372
375
377
372
376
374
373
369
378
373
371
371
374
374
373
372
372
369
367
372
370
374
371
371
372
371
373
373
373
377
377
377
376
376
375
375
372
371
372
374
371
372
371
372
370
371
371
375
372
373
372
372
371
370
375
374
371
373
372
372
371
368
370
372
370
368
367
366
365
367
368
366
365
365
364
363
362
363
367
365
364
365
365
365
364
365
362
363
364
365
365
363
361
363
360
362
365
363
363
363
363
367
364
365
364
369
369
370
370
370
368
376
372
375
375
376
379
378
377
376
376
378
376
379
380
379
379
378
379
377
377
377
373
317
440
377
376
374
374
378
379
379
377
378
378
378
382
380
379
377
378
376
373
374
377
374
373
373
373
371
368
367
371
372
370
371
371
370
370
369
372
373
375
374
375
374
374
372
373
370
371
372
372
372
372
372
373
372
371
375
376
374
374
374
372
373
372
371
374
372
370
369
368
367
365
368
368
366
366
365
365
365
365
366
369
372
366
370
369
371
369
369
372
374
372
372
373
373
373
373
369
372
373
372
372
372
372
375
374
377
378
378
377
376
377
377
375
378
378
378
377
377
378
379
379
380
380
380
380
379
379
378
378
378
380
378
376
380
378
380
378
378
378
380
377
376
375
374
374
373
374
375
373
373
370
369
368
368
370
372
370
372
369
368
367
367
369
372
369
369
369
369
367
369
371
255
491
372
372
373
371
372
373
374
375
374
372
374
376
375
377
380
377
377
378
376
378
379
376
376
379
378
378
379
376
376
377
377
378
377
378
379
378
382
382
387
386
385
387
386
385
386
386
386
384
386
384
384
383
383
386
386
384
386
387
386
384
386
385
380
382
384
383
382
381
383
381
383
383
383
381
380
382
381
378
377
378
378
377
377
375
374
373
372
374
374
374
373
373
373
372
373
372
371
373
373
372
371
370
373
372
375
376
373
373
370
369
368
369
368
364
366
360
370
366
367
366
366
368
369
369
370
368
368
367
367
369
371
367
367
366
366
365
364
366
366
365
365
363
363
364
363
363
361
362
364
365
363
364
362
361
365
362
364
366
368
365
366
364
362
363
363
365
365
363
361
362
360
358
361
360
360
357
355
360
357
357
357
354
355
356
356
354
354
353
349
352
353
352
352
349
347
347
348
350
350
348
345
342
344
347
346
345
344
340
342
344
345
343
343
340
338
340
344
342
339
339
336
339
342
340
337
337
334
335
340
338
338
336
333
333
338
337
337
336
336
332
332
338
336
334
334
333
333
338
336
333
333
330
336
337
334
333
333
330
335
338
333
332
332
330
333
337
332
332
333
329
331
302
363
333
330
330
329
335
334
333
332
328
328
333
335
331
332
327
328
336
331
330
330
329
335
333
330
330
328
330
335
332
330
329
326
335
332
330
330
326
328
335
331
330
327
328
335
331
324
332
326
335
330
312
342
330
330
328
324
327
333
331
330
327
326
335
330
317
336
327
332
329
328
329
329
325
335
330
327
324
328
333
325
332
325
330
323
328
323
324
332
325
329
325
325
329
329
326
327
327
327
328
327
325
332
329
331
324
327
330
327
330
327
329
331
333
329
328
333
329
334
330
328
332
333
332
334
331
332
335
334
338
335
332
335
339
338
334
336
333
335
337
340
341
341
336
336
341
342
346
343
341
340
344
345
346
345
345
344
345
347
349
347
347
345
349
349
350
351
350
350
352
354
354
354
354
351
353
354
354
352
351
351
352
353
350
351
349
352
350
353
353
351
352
348
353
353
354
355
354
354
354
354
355
357
355
358
357
354
355
354
354
354
354
354
354
356
352
354
354
354
357
355
354
355
354
352
356
353
354
356
354
357
354
355
354
352
353
353
354
354
352
352
355
355
356
354
357
356
359
359
359
359
360
359
361
361
356
362
360
360
361
360
357
362
359
358
362
362
362
363
362
362
361
361
359
362
362
362
362
363
358
360
361
364
364
365
366
362
371
369
371
372
373
370
373
371
373
372
371
372
367
373
369
369
373
374
375
375
377
381
385
386
391
389
391
392
396
397
399
396
396
398
399
400
401
398
395
398
402
405
409
408
410
407
404
403
398
403
400
402
403
402
401
404
397
396
396
397
397
397
398
399
401
397
401
403
403
401
407
408
407
409
404
407
407
403
401
403
401
401
404
405
406
407
416
427
439
442
438
438
446
450
455
451
444
441
440
441
438
434
434
429
429
431
429
425
426
426
425
425
426
427
424
428
431
431
430
431
431
436
435
434
435
432
428
430
428
422
428
423
420
421
420
422
424
424
425
434
451
472
465
464
470
471
470
457
454
447
439
433
428
429
427
436
431
438
434
431
446
444
443
445
443
450
445
444
442
442
438
438
440
432
429
437
439
443
452
462
478
492
502
507
512
510
500
493
495
495
490
484
479
479
487
492
496
502
503
501
493
492
493
491
495
497
503
500
503
511
515
515
511
513
515
517
518
516
521
523
517
522
529
525
522
522
528
529
527
526
530
529
528
525
526
525
524
528
537
532
533
532
531
546
547
548
546
545
552
550
544
545
548
554
549
540
546
553
551
546
563
550
550
553
563
549
555
552
529
523
524
523
539
556
564
587
590
579
634
605
584
583
583
590
574
575
568
560
539
538
531
539
548
575
624
606
613
644
649
623
611
604
604
602
589
567
566
562
554
557
569
576
602
635
628
626
605
612
597
595
576
561
553
544
529
538
516
537
534
546
554
567
562
565
570
573
571
582
587
579
571
567
565
564
566
571
579
595
591
592
587
586
582
568
569
562
553
550
553
551
561
563
572
587
588
579
579
569
558
546
540
539
534
539
544
557
564
567
577
581
568
566
565
565
565
561
553
555
552
541
515
538
526
523
524
527
534
546
565
572
575
585
589
574
574
567
563
552
550
544
537
535
535
539
547
552
562
562
565
570
563
559
555
548
543
537
540
538
535
534
540
547
554
554
559
563
569
567
570
573
565
563
564
558
556
552
555
554
556
549
554
560
571
577
583
595
585
576
574
567
560
559
555
549
540
533
531
533
541
551
565
571
584
597
593
587
586
589
588
586
587
591
588
584
584
586
594
617
634
641
634
625
604
601
589
555
573
563
572
594
619
656
723
682
680
670
659
623
615
606
594
585
574
574
571
570
585
598
603
593
603
605
600
590
587
585
569
569
567
563
560
574
586
602
596
578
592
604
586
584
574
567
565
562
554
552
541
533
525
497
523
407
260
409
279
273
292
274
2527
328
408
354
318
290
734
385
268
653
1147
662
424