606
599
592
586
587
577
569
558
560
602
709
756
803
748
679
638
583
555
542
532
524
530
557
581
611
590
597
624
634
601
586
564
542
533
532
571
651
643
655
668
676
695
690
654
625
598
570
556
541
529
522
525
531
571
640
641
624
582
568
581
581
568
577
578
556
547
531
520
516
515
519
537
584
593
573
565
553
558
551
566
587
599
596
574
561
541
524
515
510
566
789
754
712
656
628
622
613
601
596
588
575
559
547
551
561
597
679
746
724
682
633
594
583
598
613
642
647
623
585
574
569
564
560
554
549
546
545
551
571
654
691
646
693
712
657
632
625
655
694
668
630
615
598
592
579
568
565
573
604
674
694
661
631
612
602
591
600
610
609
593
570
551
543
545
566
621
711
786
777
697
626
588
588
588
611
657
647
620
588
573
560
554
562
587
609
627
632
604
571
549
529
518
513
510
524
548
570
584
597
595
595
580
561
552
534
521
506
497
488
487
484
482
486
481
480
483
484
482
479
478
476
476
478
477
478
479
478
479
475
475
477
477
471
471
469
472
475
475
475
474
475
480
479
475
473
473
471
473
471
473
474
476
474
474
476
477
479
479
484
489
498
496
492
487
479
477
475
484
505
521
531
526
526
514
506
498
493
486
481
478
473
471
470
472
483
487
491
494
491
491
485
480
478
476
478
479
481
482
495
513
537
537
533
537
530
531
525
515
505
497
492
488
486
490
495
500
497
499
510
519
536
536
536
539
535
532
526
524
515
510
499
492
486
496
512
537
533
516
517
517
528
540
530
525
512
507
502
498
495
496
498
504
508
511
512
517
519
521
526
537
551
542
538
532
525
527
526
532
526
523
524
520
513
508
508
513
536
579
599
607
602
623
616
590
568
543
532
522
521
521
515
504
496
498
501
514
532
540
547
541
556
578
565
542
516
507
505
510
511
519
517
512
500
494
489
491
504
569
666
622
588
563
540
525
516
505
499
500
497
493
491
493
495
491
491
491
497
505
515
515
503
496
485
485
488
505
520
516
524
517
519
536
557
557
561
541
531
523
513
501
494
487
498
508
524
539
523
514
504
500
501
501
495
494
492
490
493
500
516
532
547
549
531
516
511
507
503
502
504
506
506
510
516
520
525
536
543
541
530
520
504
500
497
500
529
543
556
539
529
519
505
496
492
487
485
489
489
483
481
486
485
484
485
484
485
488
487
488
488
485
485
483
476
472
473
473
474
476
479
483
485
486
491
493
498
507
509
514
514
508
507
497
506
510
509
502
503
501
501
502
505
504
505
505
516
535
574
587
576
560
557
555
550
531
520
515
509
504
495
493
491
493
505
523
529
528
537
548
563
559
527
516
507
499
492
489
526
642
640
595
563
540
533
520
512
514
514
505
503
499
503
508
510
515
518
520
520
513
509
499
497
497
515
556
608
652
655
616
581
558
527
514
507
509
514
520
522
524
543
577
602
591
584
584
574
563
543
531
528
527
523
527
520
521
524
525
537
537
536
527
527
521
516
523
528
524
508
502
500
497
496
496
489
480
479
479
482
484
483
491
503
530
532
529
524
514
508
505
504
500
498
499
498
500
502
510
516
523
526
518
515
507
508
497
496
493
494
502
514
524
533
529
529
521
512
508
507
503
510
523
573
563
563
585
583
592
572
561
551
547
534
524
510
509
504
505
512
521
522
516
504
506
512
629
703
648
594
561
540
531
529
523
514
502
492
484
480
478
479
478
484
516
538
553
571
581
568
544
526
526
535
522
513
515
521
523
519
512
514
519
519
520
509
504
504
501
497
505
509
509
518
536
540
547
537
518
504
498
497
504
508
494
484
485
483
484
487
484
485
482
478
475
470
467
463
472
491
513
514
521
534
535
519
507
499
486
479
472
464
458
458
470
502
536
541
524
509
512
508
504
492
477
469
464
461
458
456
460
466
469
470
468
468
466
460
456
453
451
450
447
444
441
448
459
471
473
468
466
463
461
459
457
456
453
453
451
448
447
450
456
463
472
473
467
463
468
475
479
482
479
475
470
465
459
452
450
458
475
486
490
488
487
485
481
479
472
467
461
457
453
450
450
450
459
478
487
496
501
499
489
482
475
468
460
455
452
451
450
447
454
474
490
497
494
492
483
481
475
468
462
459
456
458
454
453
455
460
463
459
455
452
449
445
453
467
477
478
473
472
468
461
454
449
449
451
459
467
477
486
487
479
469
459
454
453
456
457
458
461
455
450
446
441
441
443
451
472
496
504
491
480
470
462
456
450
448
446
450
459
459
456
454
457
459
460
458
455
452
453
453
453
454
458
456
453
450
446
445
446
451
458
459
457
456
453
455
466
474
479
472
470
465
459
454
451
444
440
438
438
441
445
449
449
447
444
445
451
452
455
459
460
457
454
450
449
453
454
457
457
452
452
451
448
450
462
478
478
476
473
470
464
458
452
448
447
445
442
445
480
518
518
501
484
471
461
453
448
446
447
446
448
448
456
467
473
480
470
460
456
454
452
458
470
479
478
479
476
468
462
463
466
466
461
461
460
456
453
453
456
459
457
456
452
449
450
452
457
463
461
455
455
456
465
463
459
455
450
447
439
437
440
460
473
475
477
474
468
465
459
457
454
456
459
455
452
448
443
442
441
442
444
443
441
438
436
435
434
434
434
445
471
482
479
479
479
470
458
449
442
439
440
438
439
437
437
434
430
429
430
430
432
441
461
469
468
471
477
477
479
479
471
463
456
452
449
444
447
464
481
493
485
481
475
470
463
456
453
448
444
449
463
473
475
470
471
463
454
448
445
446
453
456
456
454
452
456
461
462
457
458
462
467
468
467
467
467
462
459
455
450
445
440
439
451
464
464
456
453
452
450
448
451
448
449
451
451
448
448
446
447
447
447
450
450
446
442
440
440
439
442
449
469
490
498
499
493
490
481
475
468
460
454
452
452
449
446
443
443
448
471
483
488
482
476
476
467
460
457
459
457
457
453
448
442
438
443
455
463
464
462
460
456
448
444
441
439
439
443
446
450
450
448
444
439
438
436
434
440
454
467
470
464
458
454
451
448
446
441
436
434
436
433
430
436
463
490
481
475
470
459
449
446
443
444
446
448
450
444
440
438
436
434
435
445
462
472
474
471
470
468
466
460
455
450
446
440
438
441
447
453
457
461
459
459
453
447
445
443
441
443
451
456
461
467
466
458
452
447
444
439
437
436
440
451
453
453
449
444
441
440
444
447
455
459
460
459
454
447
444
439
439
440
439
440
436
436
433
435
438
447
450
456
458
456
452
446
442
438
442
455
457
458
457
453
448
450
446
449
451
449
448
452
460
463
461
460
459
454
447
445
448
451
453
454
452
454
456
467
481
507
520
508
499
493
500
501
497
486
483
480
478
483
508
530
554
563
574
560
530
508
493
485
492
513
542
555
547
538
567
571
544
541
523
509
509
520
514
507
505
498
493
487
482
477
478
486
498
500
499
502
522
549
543
527
527
525
522
511
504
495
492
492
491
490
493
501
522
542
538
526
523
528
532
527
519
510
504
500
493
486
484
487
493
507
508
505
501
503
502
502
504
507
510
498
493
491
490
487
483
480
479
478
477
477
472
470
465
466
484
529
559
566
571
624
690
639
562
538
548
607
599
566
545
531
523
513
501
496
487
486
487
505
521
514
521
528
535
534
534
524
520
512
504
505
512
526
563
641
710
668
644
612
582
564
556
548
545
535
526
513
505
501
514
581
813
771
770
756
711
642
588
562
552
552
562
576
593
591
578
554
545
540
547
570
647
720
719
704
639
594
560
546
529
533
526
520
511
504
504
497
496
495
498
500
494
497
499
499
500
496
495
499
496
492
492
492
491
485
483
479
475
475
476
479
485
494
497
494
488
480
478
479
481
482
482
479
476
470
466
465
472
478
484
498
506
510
502
495
496
497
501
497
501
504
500
493
487
484
482
485
489
486
487
484
483
485
489
495
499
501
502
504
502
505
497
494
493
488
481
478
472
467
473
490
498
500
503
498
489
481
481
480
481
476
472
470
474
477
476
476
473
470
468
468
485
504
502
497
493
487
481
476
469
464
458
454
452
453
457
461
466
467
460
456
457
462
470
474
472
469
467
470
477
479
482
478
476
478
481
482
482
478
473
468
461
461
470
479
485
486
488
482
478
479
482
479
477
475
474
477
478
481
482
478
476
477
479
484
484
485
485
485
489
492
487
485
482
483
487
492
490
489
483
480
482
483
483
483
482
485
489
494
489
488
488
487
488
486
482
481
482
484
489
491
490
491
494
496
491
489
490
493
495
497
498
497
499
503
505
503
500
502
502
506
503
498
494
490
486
483
488
497
507
511
514
514
508
499
493
487
485
487
488
491
488
487
490
498
506
503
498
498
500
504
501
495
490
486
481
487
506
514
507
505
502
497
491
486
483
482
480
479
477
479
482
499
534
542
530
518
520
520
507
498
491
491
493
495
496
492
486
485
484
485
482
481
480
478
477
478
489
497
506
510
514
511
504
494
485
478
475
472
476
481
485
480
477
474
472
477
484
498
516
525
526
515
503
493
487
480
485
487
484
479
472
476
481
482
487
495
495
491
492
492
486
480
479
480
483
481
479
478
472
467
468
495
586
601
574
546
517
502
496
494
491
480
477
473
474
481
487
483
483
485
494
502
498
496
493
496
499
498
493
489
484
477
475
483
496
507
516
518
518
503
495
490
488
490
492
491
488
487
485
486
491
497
502
493
491
491
496
510
520
518
504
494
491
488
487
481
479
473
469
470
480
499
512
521
555
596
611
565
546
529
529
536
532
522
511
507
497
497
501
505
513
515
519
508
502
496
494
495
498
497
493
491
490
492
502
516
524
519
511
506
495
486
489
508
525
529
535
524
512
503
502
503
505
501
495
491
491
500
517
530
536
527
533
540
545
530
519
511
501
491
490
517
544
549
539
528
516
506
504
509
515
515
511
510
513
521
519
514
508
501
502
508
516
525
521
517
517
516
511
508
503
500
494
494
496
500
501
500
496
495
499
509
523
522
518
514
504
508
563
595
586
574
554
537
522
514
511
504
497
495
497
496
499
505
504
505
506
507
508
505
498
495
497
501
502
504
506
507
501
500
503
507
507
506
507
511
518
514
520
521
526
521
513
507
502
502
504
505
505
510
506
513
527
528
517
506
495
491
515
535
529
529
516
507
501
500
507
516
521
533
549
542
532
521
516
510
503
505
511
553
857
771
696
639
600
584
553
537
532
541
555
553
531
519
517
519
520
529
532
520
512
509
502
494
491
496
517
570
625
616
586
571
576
566
549
549
552
559
547
542
541
539
529
521
518
522
534
550
551
560
574
568
540
539
528
525
512
502
491
482
477
474
475
495
535
615
693
709
689
655
589
550
528
521
515
512
508
501
500
499
499
498
498
522
573
619
662
664
651
648
617
595
575
552
533
522
524
536
562
577
575
577
573
577
576
585
601
607
587
572
555
553
562
577
617
643
639
615
604
589
589
584
576
576
555
545
540
531
529
528
529
538
542
553
561
565
554
550
537
542
542
533
527
533
536
547
563
566
565
541
551
538
540
537
536
526
521
516
508
496
492
489
481
479
480
508
542
594
695
755
743
844
809
767
766
779
773
709
639
599
579
565
539
514
497
484
476
473
474
479
481
481
487
485
481
479
479
479
478
474
470
471
466
462
456
452
447
444
444
443
443
442
439
438
435
430
427
426
424
422
420
417
415
414
411
409
406
406
406
400
402
399
398
396
396
395
392
391
390
389
386
385
384
383
381
381
383
382
384
384
385
384
382
383
381
383
385
385
384
386
382
383
381
380
379
381
381
383
384
382
381
378
378
378
378
380
381
379
380
378
375
375
376
377
378
377
378
377
374
375
371
374
377
379
378
380
380
381
375
376
380
381
379
377
375
373
373
375
376
378
375
374
372
372
373
373
375
372
372
372
370
371
371
376
374
374
370
371
369
367
368
369
372
369
370
368
365
368
366
365
366
367
366
367
365
363
364
362
362
363
365
366
365
364
364
362
362
361
360
361
360
364
361
363
361
360
360
360
362
363
364
363
362
363
361
362
362
365
362
365
361
364
361
361
361
363
362
365
363
363
362
363
360
363
362
365
362
364
362
363
362
363
363
366
366
367
364
365
364
364
364
366
366
367
364
365
364
363
363
363
365
366
365
364
364
362
364
362
363
364
364
361
362
362
362
362
364
362
361
360
360
360
359
361
361
359
358
357
359
357
358
357
357
358
358
355
358
357
356
358
357
359
359
359
359
358
359
358
358
358
357
360
360
358
360
359
358
358
359
360
360
357
358
357
356
355
356
355
356
355
354
354
354
354
354
355
355
357
354
355
355
356
356
357
357
360
360
361
360
361
359
362
362
361
361
361
360
363
361
361
360
361
361
360
360
361
362
360
360
361
361
361
359
359
360
361
360
358
361
359
358
361
361
361
359
359
359
361
360
364
361
363
362
362
362
363
364
364
363
364
362
364
362
364
365
365
364
364
366
367
367
365
365
365
363
364
365
366
367
366
367
366
366
366
367
368
367
368
366
367
368
369
370
369
368
369
371
369
370
372
371
370
368
367
371
370
369
369
368
365
366
367
362
364
363
362
361
364
363
363
361
364
364
365
364
365
364
362
366
364
363
364
363
363
360
365
361
364
363
363
362
362
364
366
367
368
368
368
368
368
366
366
368
370
370
370
371
371
371
370
370
374
372
373
374
372
372
375
375
374
371
373
374
377
375
375
375
374
374
376
375
376
373
373
373
374
376
375
374
373
372
372
374
372
374
374
372
371
370
370
370
374
370
373
371
372
375
376
380
380
381
382
383
384
388
387
388
383
382
385
382
383
381
379
381
380
383
383
384
383
382
381
380
382
383
381
379
378
378
380
380
382
382
383
380
382
382
379
382
382
378
375
374
374
376
374
374
373
371
374
373
374
373
373
374
373
373
374
373
373
372
372
372
370
374
370
372
371
370
370
370
369
370
373
373
375
375
376
376
375
376
376
376
380
379
380
380
379
378
378
380
382
382
386
384
383
384
385
388
388
387
385
385
383
382
383
383
383
382
381
380
380
378
381
381
381
381
381
380
380
380
384
384
388
385
385
380
388
385
382
384
385
384
383
382
381
380
382
384
386
384
382
384
387
386
380
380
379
383
382
381
381
380
383
382
382
382
380
381
382
383
385
383
384
381
383
385
390
391
396
395
396
394
394
392
394
394
392
389
388
390
390
391
391
389
389
389
387
388
389
389
388
386
383
383
381
381
382
384
384
384
382
387
386
386
387
385
391
391
391
393
391
391
395
395
394
393
392
391
394
393
392
387
393
391
387
387
389
389
391
388
388
385
387
386
386
386
386
383
380
378
376
376
379
382
386
385
386
385
385
384
386
389
387
386
381
385
383
381
380
377
375
378
377
376
372
372
373
370
370
368
368
367
368
365
366
364
366
365
365
363
365
362
365
363
363
360
360
360
358
360
355
361
358
355
358
357
358
354
356
356
355
354
357
354
355
354
355
354
354
355
354
353
355
353
353
353
353
352
352
351
353
351
350
350
351
350
350
348
349
350
349
347
347
347
347
348
345
347
345
347
345
345
345
345
344
344
343
344
344
344
344
343
342
341
343
343
341
340
342
339
341
339
340
338
338
339
339
338
338
337
338
337
337
338
338
334
336
335
336
335
336
335
332
334
334
334
334
333
331
331
332
333
331
330
332
330
331
331
331
331
332
328
330
330
331
330
330
327
329
331
328
329
328
327
327
328
329
327
326
327
328
327
329
327
325
326
325
326
327
324
327
322
325
323
323
324
322
327
324
326
322
322
323
326
323
319
326
322
326
326
325
324
325
326
326
328
330
329
327
327
330
330
332
332
331
331
333
334
336
334
333
333
336
334
337
337
276
391
341
336
337
335
269
397
342
335
338
335
336
340
337
339
337
336
338
337
335
339
267
408
349
340
342
340
341
338
343
342
341
342
343
344
345
346
346
344
347
345
349
349
348
346
346
350
350
350
288
410
357
349
353
352
354
354
353
353
352
353
353
354
354
353
352
354
354
354
356
354
354
354
351
354
354
357
356
354
355
355
356
357
356
357
356
358
357
357
357
356
357
358
355
360
360
358
357
357
359
358
362
361
360
358
359
361
361
362
360
357
361
361
363
360
360
360
361
360
359
359
358
360
361
360
360
358
359
361
359
360
359
359
360
360
360
362
359
356
359
358
360
362
358
355
360
361
361
362
361
361
358
362
361
362
363
360
359
359
360
363
363
360
357
362
363
360
363
363
365
362
366
362
362
355
365
363
363
366
365
362
362
365
364
366
365
363
360
362
363
363
363
361
359
360
361
361
362
361
362
362
360
360
362
364
365
367
367
363
367
368
368
367
365
368
369
369
369
369
369
374
372
371
372
373
373
371
370
370
373
373
372
374
373
370
373
376
375
377
376
376
374
376
380
376
379
379
378
374
381
382
384
383
386
384
382
385
384
386
383
380
382
385
385
385
383
383
384
387
385
384
382
383
384
384
377
383
384
385
385
385
384
382
380
385
387
382
389
388
387
387
387
387
387
382
383
381
386
381
381
379
377
381
384
385
388
387
387
386
391
391
391
394
394
393
393
392
391
390
395
397
399
402
402
400
398
398
402
402
403
401
402
400
398
404
404
406
405
402
407
408
403
408
407
406
403
401
402
405
408
404
408
409
408
407
412
411
408
410
407
408
410
413
413
411
410
406
419
422
425
426
423
423
425
420
425
426
426
421
427
424
422
424
424
422
426
422
417
423
424
420
420
423
420
422
417
415
420
419
418
414
419
420
419
418
423
423
423
423
425
427
424
424
427
421
428
427
427
426
425
423
428
432
433
430
432
436
432
429
435
438
435
438
441
440
441
437
434
436
430
428
429
425
422
425
424
425
420
419
423
424
422
421
426
426
426
426
422
430
426
425
425
430
431
430
433
439
441
438
435
444
443
444
440
444
439
437
441
438
437
431
427
436
438
436
437
436
436
439
441
442
440
445
448
446
449
448
455
458
458
456
459
461
457
454
448
448
451
457
459
460
458
451
452
456
462
463
464
467
466
462
465
467
462
463
463
462
461
462
462
459
456
458
464
471
477
477
475
479
481
479
480
483
480
480
479
481
478
475
472
475
475
473
474
475
476
475
477
477
475
473
481
474
475
479
474
471
475
471
473
478
479
480
486
490
488
485
486
488
486
485
481
480
479
479
477
475
470
468
472
474
474
474
473
474
472
472
474
474
476
475
474
472
472
472
475
475
477
480
483
488
485
483
489
486
488
486
479
479
479
478
476
475
471
472
468
466
465
464
461
456
460
472
484
490
487
487
486
490
490
488
485
483
487
486
488
485
482
478
479
479
473
472
473
475
472
473
478
479
479
479
479
480
479
481
479
474
474
476
472
471
479
481
479
481
486
487
483
482
483
485
483
482
478
477
477
477
472
468
462
465
479
485
489
486
485
485
487
484
482
479
476
474
473
479
476
479
476
477
480
481
480
477
477
480
486
484
482
483
484
482
479
482
485
487
488
488
490
494
495
495
494
490
489
486
489
494
495
490
485
487
490
492
494
489
491
492
493
486
485
485
481
479
475
477
483
491
496
498
495
493
489
487
486
483
487
494
502
500
497
499
505
502
496
495
491
487
486
485
481
478
478
479
480
479
477
477
477
473
466
466
468
470
475
479
479
482
479
475
470
465
463
464
473
470
463
462
465
472
473
475
471
470
466
466
470
478
483
494
502
508
507
511
514
510
505
494
500
508
518
526
536
544
533
526
527
534
537
539
532
529
530
535
528
521
523
532
533
540
548
546
533
524
529
530
533
533
536
531
531
535
532
530
526
517
509
514
534
552
562
554
548
551
558
552
538
533
532
533
532
523
529
533
538
532
530
528
536
544
559
570
573
564
550
552
548
539
527
521
528
540
552
563
558
544
551
552
550
552
547
542
540
528
520
515
520
520
525
531
535
534
534
537
528
524
517
519
526
539
548
552
551
537
532
534
536
533
530
530
534
536
525
515
511
510
513
511
508
507
511
522
539
552
542
539
540
542
533
531
535
537
524
515
509
517
528
532
538
526
527
526
526
514
516
516
521
522
527
532
535
529
522
521
525
528
536
535
538
542
542
541
532
529
529
533
534
537
544
546
547
545
536
529
524
531
536
542
548
554
553
549
540
536
531
521
521
521
524
526
522
517
516
521
522
528
540
547
547
546
540
541
537
528
531
529
534
540
540
543
543
533
527
528
533
537
544
545
540
539
549
544
543
543
540
535
528
529
529
530
528
532
537
538
537
539
542
548
547
536
537
548
561
566
571
572
569
567
568
560
555
550
552
556
558
557
558
563
569
575
576
567
570
575
576
563
565
565
562
555
558
558
561
563
550
553
554
552
547
545
548
558
563
562
568
576
581
574
577
582
591
580
583
587
587
573
572
577
583
583
573
565
566
571
572
562
555
557
560
563
564
557
552
552
547
544
545
552
554
550
548
547
547
541
543
541
533
532
537
545
549
548
551
559
556
557
559
560
552
543
537
543
551
561
569
562
565
574
584
583
577
577
577
574
571
563
563
566
565
562
569
577
572
570
571
563
555
556
559
563
563
560
559
564
566
569
566
567
571
564
554
549
554
560
568
578
584
587
587
582
569
565
563
560
554
548
551
553
551
554
570
559
553
554
557
555
553
560
554
553
549
543
541
539
531
530
530
525
527
533
546
548
551
556
553
554
563
561
560
562
562
557
555
552
536
532
533
534
530
524
514
514
513
509
506
504
499
496
493
491
493
491
491
496
496
498
503
508
508
509
513
518
509
514
519
532
533
535
531
530
530
527
527
529
527
529
525
524
523
522
518
515
510
501
510
536
576
591
588
582
571
563
553
547
544
545
547
541
538
540
545
547
547
547
546
553
557
559
554
551
557
551
548
543
546
545
542
541
546
549
549
550
549
545
547
554
564
577
586
576
574
567
557
553
547
546
540
531
526
527
534
552
573
570
564
557
552
558
563
556
552
553
538
538
531
529
525
520
519
517
519
523
521
518
518
524
528
530
532
528
525
525
522
528
522
521
520
519
516
516
511
513
517
521
525
548
564
560
552
554
550
544
537
530
525
521
517
512
505
505
503
511
521
543
540
538
541
546
543
540
542
543
541
545
542
542
545
542
544
548
558
567
574
586
579
575
570
569
560
563
565
560
559
563
569
565
567
576
573
572
567
560
549
546
548
540
539
546
553
556
558
563
564
560
559
561
558
557
560
563
558
560
563
563
562
563
572
570
567
568
575
571
568
566
568
562
561
562
561
561
563
553
553
542
537
532
533
521
519
510
504
502
498
489
489
488
487
490
489
482
480
487
491
500
505
514
527
532
525
519
517
520
514
505
501
503
501
496
499
504
499
494
497
502
505
511
513
521
531
541
535
531
530
529
532
536
531
531
521
518
519
515
515
514
514
511
511
515
518
523
531
539
540
537
531
522
520
516
509
504
504
503
500
499
504
501
503
509
531
564
595
594
577
569