770
741
736
756
776
741
719
771
754
758
718
775
784
731
708
715
694
686
683
659
646
646
657
676
675
698
736
767
792
768
742
759
744
685
689
684
684
676
675
675
657
649
657
667
685
702
664
706
713
689
664
668
658
653
646
627
621
619
618
628
632
637
667
703
749
736
717
738
755
781
712
710
701
718
709
700
717
748
773
735
716
718
716
698
676
655
648
646
659
683
666
662
678
697
691
658
669
649
632
633
643
632
624
639
634
643
625
637
662
679
719
686
685
686
684
681
668
695
714
731
691
707
713
737
708
677
695
683
695
684
668
696
700
740
705
755
771
794
737
707
705
691
694
680
677
697
714
775
736
739
754
767
756
707
720
721
721
698
669
688
688
725
729
747
782
805
820
725
752
732
729
704
668
699
719
743
725
727
771
798
726
728
710
686
661
639
632
615
608
591
583
577
570
561
552
548
549
542
538
530
525
533
529
530
530
528
531
536
536
536
534
529
530
530
528
526
524
520
523
522
520
521
516
516
517
517
520
529
537
533
536
539
541
540
533
534
532
535
534
533
533
527
523
526
530
530
534
538
540
534
533
533
531
529
523
517
517
518
516
515
513
511
513
516
513
514
508
507
507
509
509
509
506
506
512
514
517
522
518
515
521
517
515
510
506
496
499
498
495
493
489
487
483
486
490
492
497
501
505
503
510
518
524
522
522
525
527
524
522
517
513
512
514
526
537
554
560
546
538
541
541
540
536
531
530
537
547
554
561
557
547
549
550
548
537
532
531
531
532
533
530
524
524
529
535
544
539
537
544
551
553
554
545
537
536
535
533
530
527
521
519
519
520
519
520
514
510
512
516
519
517
517
513
508
515
517
518
518
518
513
516
517
520
521
520
516
513
515
518
517
517
512
512
513
519
521
521
518
517
521
522
526
527
527
522
524
532
540
546
548
539
544
547
559
563
548
543
537
558
593
635
662
670
638
604
595
613
648
662
631
625
656
664
672
628
614
608
606
604
585
582
599
607
638
621
640
688
690
653
632
632
636
635
613
604
611
625
646
637
626
646
732
749
694
643
629
633
636
644
631
663
671
703
648
650
715
764
717
702
798
750
698
669
716
735
753
706
796
845
781
729
775
761
719
685
754
756
757
704
718
771
771
710
703
729
738
675
669
683
699
688
655
649
675
701
703
668
651
671
665
657
630
645
647
670
633
617
620
625
640
636
621
654
694
725
677
653
688
688
690
653
654
705
761
717
769
791
754
694
672
730
745
688
672
713
733
728
741
673
693
687
673
650
655
659
661
645
644
663
667
678
647
706
737
677
723
687
683
706
694
696
674
639
631
617
607
601
586
586
592
599
595
620
642
655
623
646
645
634
613
602
595
582
571
557
548
539
538
540
532
526
525
519
521
522
520
527
523
522
521
528
528
532
528
524
520
515
518
517
513
509
505
502
500
500
503
502
502
499
500
497
503
502
501
500
500
502
504
503
502
501
498
503
504
504
503
501
501
503
502
500
496
495
496
499
495
496
494
496
498
502
500
498
494
493
497
500
500
504
504
499
506
507
506
508
505
503
507
505
501
494
492
495
495
492
490
486
484
487
487
489
490
489
490
495
494
496
493
491
496
495
496
494
490
491
495
497
495
490
486
490
488
488
486
484
485
487
489
490
491
487
491
495
498
503
508
504
501
508
509
512
512
508
504
507
503
498
495
488
488
487
488
487
487
483
490
492
496
498
496
493
496
501
500
503
494
498
499
503
499
501
497
503
501
500
499
491
487
484
489
487
483
481
479
480
482
482
482
479
478
484
486
492
499
498
499
505
507
508
507
500
498
492
499
521
534
537
537
532
518
523
521
521
518
514
517
523
523
515
517
521
523
523
527
527
534
534
531
526
525
522
518
516
517
518
519
516
518
518
520
524
530
537
541
559
589
604
601
570
557
553
558
572
575
577
580
604
615
642
618
603
578
565
556
557
557
550
551
575
634
661
695
825
772
707
692
680
644
648
674
684
680
763
822
797
729
742
698
675
769
888
770
844
836
819
763
801
838
759
756
739
704
674
696
750
795
769
872
916
853
787
821
860
847
843
910
929
883
891
891
860
825
877
840
813
748
769
776
793
744
771
756
754
724
719
745
771
769
789
797
757
703
720
702
720
683
663
679
704
765
763
799
801
775
798
795
794
738
749
739
759
739
752
828
891
865
856
824
790
726
725
759
772
743
771
813
793
747
729
736
748
724
724
769
828
791
719
715
684
668
639
639
645
661
663
646
663
666
661
633
631
615
594
590
585
583
576
577
566
560
558
557
552
547
542
537
537
530
527
521
517
517
519
515
516
517
515
513
515
521
531
545
545
553
559
559
553
549
549
544
538
531
534
532
530
526
523
521
524
522
521
521
519
523
524
531
538
531
527
521
534
539
538
535
530
522
516
520
515
511
504
504
503
502
498
497
493
490
493
493
490
488
484
486
487
488
487
488
487
495
495
497
496
498
495
500
500
500
501
498
497
499
496
498
493
491
493
495
495
494
489
489
492
492
488
486
482
488
486
487
485
483
479
482
483
482
482
480
478
479
480
481
482
479
481
480
478
481
483
484
484
483
486
490
493
492
495
489
493
495
494
493
490
486
495
493
488
488
490
488
483
479
481
479
483
479
476
475
481
488
500
508
514
511
521
534
548
544
540
544
546
545
538
526
521
523
522
521
519
519
515
514
514
513
509
505
500
498
500
496
498
495
496
497
500
499
500
499
501
507
508
505
505
507
509
509
507
505
504
508
507
507
502
500
503
505
503
502
498
497
498
498
495
494
494
495
495
497
494
495
495
501
501
508
508
515
519
521
518
521
522
517
510
505
504
504
501
498
495
497
496
497
498
494
500
507
515
521
527
534
530
529
533
527
517
511
502
504
511
522
525
531
526
516
524
523
521
514
519
521
524
521
518
522
523
524
515
512
516
514
513
506
514
514
517
516
515
505
504
508
507
505
496
497
500
501
503
500
502
515
519
521
514
515
517
516
512
504
499
500
500
495
492
485
482
484
484
482
485
485
487
500
501
502
499
509
514
513
509
516
518
512
506
507
508
504
500
494
495
498
496
491
492
498
501
502
500
502
511
512
512
506
515
519
515
510
504
510
510
508
500
500
507
509
511
509
510
515
520
514
524
526
524
521
519
504
505
503
501
495
491
487
489
492
498
501
504
503
514
522
527
517
521
520
520
513
505
504
509
507
509
506
502
506
502
503
499
498
504
505
505
502
498
500
501
500
497
495
500
506
507
505
502
505
508
510
509
507
504
515
514
516
508
508
509
510
507
500
499
502
500
495
491
495
496
495
491
493
498
503
503
504
499
505
503
501
495
493
495
495
494
493
490
489
493
493
494
494
494
497
501
502
503
496
495
497
497
494
491
486
483
488
484
483
481
477
475
480
479
480
479
477
478
481
481
483
479
477
479
481
478
474
470
471
472
470
469
467
469
473
481
483
487
489
488
495
501
502
498
492
500
496
490
484
486
483
481
474
476
476
471
467
461
460
463
461
458
456
453
459
465
474
481
491
491
500
510
530
539
531
524
524
529
530
523
313
712
365
643
500
499
502
502
500
504
509
514
519
515
509
516
514
512
508
503
494
494
510
520
524
528
524
517
514
515
511
504
495
496
495
497
494
489
487
493
494
492
488
487
489
492
490
491
487
490
496
494
486
487
490
491
489
483
484
484
484
478
476
482
481
479
477
474
480
479
482
479
482
480
491
497
503
497
503
505
502
498
492
497
503
502
504
502
497
503
502
502
499
498
504
503
501
512
521
521
541
546
539
523
533
528
522
515
509
514
506
507
507
509
508
508
499
504
504
506
505
506
504
500
490
494
499
503
504
509
502
505
509
511
511
507
503
509
509
506
501
499
495
499
495
492
487
490
495
494
493
491
491
498
494
498
492
492
497
497
495
490
489
495
492
492
483
485
489
488
489
487
483
488
490
490
489
486
483
488
488
485
483
481
482
483
480
481
476
478
478
479
479
478
476
481
483
481
484
483
483
489
488
485
482
480
483
481
479
476
476
472
478
479
479
479
477
475
481
484
483
483
481
480
484
481
479
476
472
477
477
475
475
473
474
479
479
479
478
479
481
485
483
479
478
481
479
478
475
470
475
474
474
473
472
469
476
477
482
483
482
483
488
489
486
483
482
486
487
485
480
478
481
480
479
475
472
478
478
479
479
478
476
483
486
485
481
480
484
482
481
476
475
479
483
484
486
484
495
504
516
508
501
517
521
524
520
521
523
522
517
510
499
494
507
507
507
505
505
496
499
498
493
488
483
488
487
489
489
495
485
496
501
507
510
512
509
503
497
504
499
494
488
489
489
487
483
483
491
491
494
492
494
497
499
499
493
490
495
491
488
483
479
479
479
478
475
474
471
476
475
479
479
478
476
479
482
481
479
478
484
483
482
479
479
483
486
486
483
483
484
484
482
479
474
474
475
475
471
469
466
472
473
472
472
468
473
471
472
471
469
464
466
467
470
472
472
471
473
475
476
475
469
472
477
479
476
475
482
477
474
472
473
473
470
463
461
464
459
458
454
459
457
453
458
461
461
461
455
464
465
461
462
465
462
459
459
464
461
454
458
457
454
453
452
456
455
454
454
456
458
457
455
456
456
457
453
452
452
452
455
455
453
457
456
455
455
461
463
465
469
472
469
471
472
472
471
470
466
470
475
476
482
487
482
486
493
491
491
488
488
492
489
488
480
485
483
481
478
476
479
479
475
473
469
472
475
476
477
477
482
489
489
490
499
502
511
512
504
509
511
510
500
505
505
504
502
502
501
501
492
496
492
487
487
487
487
482
478
484
485
488
486
485
499
503
516
517
510
518
516
509
502
512
506
499
494
488
489
502
511
518
521
512
501
503
498
494
489
491
497
501
502
503
513
520
523
521
518
524
520
511
499
502
499
497
488
487
494
489
492
490
486
487
495
493
499
507
518
532
532
526
522
521
521
521
521
511
516
524
523
451
591
519
515
516
505
504
506
513
529
539
545
541
552
558
567
571
585
584
577
576
561
554
556
548
532
529
529
539
561
568
606
604
587
584
583
583
576
572
563
563
562
562
567
571
572
570
559
545
539
540
547
556
556
573
631
639
723
699
645
613
597
580
582
572
563
559
564
594
639
674
666
631
603
607
612
596
586
591
597
598
595
606
590
574
564
563
554
559
562
564
555
561
583
586
595
613
598
583
584
580
578
576
587
576
584
582
573
561
558
561
562
555
540
546
531
523
517
514
508
503
506
499
502
501
497
496
509
521
540
552
546
551
538
530
525
515
514
511
509
507
507
507
504
503
503
503
503
507
514
539
563
587
593
636
749
696
649
639
605
576
597
655
721
771
806
783
455
306
717
656
658
639
658
743
717
760
819
907
889
799
772
751
794
760
711
716
697
735
681
767
748
811
750
793
767
725
711
695
723
674
636
619
668
706
727
754
685
740
749
761
724
675
693
691
715
732
749
726
760
750
771
799
790
835
813
820
779
743
750
735
741
711
692
697
699
700
802
785
693
686
696
709
729
701
720
707
706
685
688
702
707
711
712
749
759
777
728
757
731
723
687
703
709
729
738
701
756
759
783
739
747
761
761
725
754
715
711
666
694
713
753
802
815
825
822
745
742
721
686
666
669
678
698
678
717
683
733
735
713
720
716
712
688
657
641
638
637
642
648
657
656
651
614
618
605
610
620
614
618
599
611
622
668
749
850
824
751
755
721
673
660
646
635
649
634
676
672
729
770
813
806
779
712
734
706
685
656
667
663
669
653
718
740
805
848
868
832
813
764
719
647
644
630
635
661
686
660
740
740
799
757
775
738
669
646
615
636
666
719
727
785
786
792
744
746
727
711
672
700
692
718
739
763
800
815
800
798
782
765
686
715
697
724
698
752
708
726
726
738
746
710
652
649
639
654
701
714
685
689
675
659
645
624
620
626
647
664
657
674
684
704
706
700
713
701
699
669
708
701
745
674
658
638
631
603
587
579
579
589
591
597
590
595
589
579
565
559
550
545
527
526
519
518
513
512
508
510
505
510
503
506
502
499
496
492
490
491
490
487
483
482
483
480
482
479
477
479
477
479
478
476
471
467
469
469
466
462
458
457
458
455
453
449
448
447
446
449
447
442
440
442
444
440
439
437
440
440
440
443
440
438
436
437
437
436
433
430
429
429
431
430
426
424
421
419
420
424
419
418
419
419
418
415
413
413
416
416
418
412
411
408
414
413
413
410
409
406
411
411
410
409
408
407
411
412
410
408
408
410
411
413
410
409
407
412
411
409
405
405
405
408
406
404
401
403
405
404
404
399
399
398
404
401
401
397
397
396
401
399
398
394
396
399
399
398
396
394
396
399
399
397
394
394
397
399
398
395
395
395
399
399
396
394
394
394
397
396
394
391
393
396
396
396
392
392
394
397
398
396
395
393
399
397
397
395
393
394
398
396
394
391
392
392
396
394
391
388
390
394
394
392
386
388
391
392
391
389
385
387
392
392
390
387
388
389
394
392
390
388
389
393
393
392
389
387
390
393
392
390
388
387
391
391
390
388
384
386
391
390
388
384
384
386
390
390
388
385
384
389
390
388
387
382
385
389
389
387
383
381
387
388
387
383
383
382
390
387
388
383
385
388
393
389
389
387
387
393
393
391
386
387
385
393
390
389
384
386
389
395
391
390
388
389
394
395
393
391
389
390
395
394
390
388
385
390
390
387
386
381
382
387
390
387
383
382
384
390
390
387
385
385
389
393
392
391
390
387
394
393
391
388
388
386
391
388
387
381
382
383
388
384
382
376
379
381
385
382
380
376
379
387
389
387
386
386
391
397
394
393
390
392
395
394
392
387
387
391
390
389
386
384
383
388
387
384
380
379
379
387
384
382
376
379
381
385
383
381
377
381
386
386
383
381
379
383
387
385
382
378
380
382
387
384
381
379
383
384
390
386
385
384
386
386
390
387
385
384
385
390
387
386
383
380
383
388
385
383
378
381
384
386
385
382
380
383
389
390
387
384
386
389
392
391
388
387
385
391
390
388
385
382
384
388
388
384
382
382
385
386
385
382
380
381
387
385
382
378
378
382
387
384
380
379
379
381
385
381
380
377
379
383
381
381
376
375
379
382
380
377
374
376
381
379
378
375
373
375
381
374
375
371
370
374
377
373
371
369
370
374
375
371
369
368
369
373
372
371
367
366
368
375
371
370
367
367
371
375
371
369
368
369
374
374
371
371
368
370
375
374
371
368
368
369
374
373
369
367
368
368
375
371
369
366
366
370
375
373
371
370
371
375
376
373
372
371
369
376
374
370
370
370
374
376
373
369
370
370
373
373
371
368
367
368
374
369
367
366
367
369
372
368
367
365
364
372
368
365
363
363
364
370
367
364
362
362
365
369
366
366
363
364
367
372
369
367
365
365
368
373
369
369
365
366
368
373
369
368
365
366
368
374
370
368
366
365
371
372
371
368
366
367
371
373
371
370
366
367
372
373
371
368
366
365
372
369
367
365
365
366
371
367
367
365
362
366
371
367
365
364
363
369
371
368
367
367
367
374
370
369
368
367
368
371
371
369
368
366
368
371
371
370
369
368
371
376
373
373
369
370
373
377
373
373
369
372
374
376
375
374
371
371
372
377
373
373
371
370
374
376
373
371
369
370
375
375
374
371
370
370
377
374
373
369
372
370
376
373
371
369
370
370
377
371
370
369
370
375
373
372
369
369
369
375
372
370
367
368
371
372
371
368
366
367
369
372
369
367
366
366
370
371
370
366
366
366
370
371
367
366
365
365
367
370
367
366
363
365
368
371
368
366
363
366
369
369
368
365
366
367
373
370
371
368
367
367
372
368
368
366
366
367
372
367
366
364
365
367
372
368
366
363
367
367
372
369
373
370
368
368
368
369
376
372
372
370
370
370
374
371
369
366
367
368
372
367
366
364
364
368
368
366
363
363
365
369
366
366
363
362
362
370
372
369
367
367
365
376
373
371
371
369
371
378
375
373
371
370
372
376
375
371
370
368
371
375
372
369
368
367
372
372
370
367
367
366
374
369
370
366
367
366
374
368
369
364
367
367
373
369
367
365
363
370
371
368
367
365
367
373
373
369
368
365
371
371
371
367
368
367
371
372
371
367
368
366
372
372
370
368
367
368
373
373
370
367
367
369
374
373
369
367
368
373
374
370
369
368
367
373
372
369
367
366
366
374
369
368
366
366
368
373
371
366
366
367
370
372
370
367
367
367
372
370
370
365
364
367
371
370
366
364
364
369
367
366
365
362
361
369
364
364
361
361
359
368
363
362
359
361
359
368
362
361
359
360
363
364
361
360
359
358
364
363
360
359
359
360
365
364
361
359
360
360
365
363
361
359
358
361
365
364
360
361
359
363
365
362
360
360
360
364
365
361
359
359
360
366
363
363
358
360
360
367
364
362
359
358
362
366
365
361
360
360
365
366
363
361
361
359
368
364
363
361
362
358
367
364
362
359
359
356
365
362
362
359
358
360
364
361
361
358
356
360
365
364
361
359
359
360
367
365
363
361
360
365
367
369
363
363
364
367
371
370
366
366
362
372
368
367
365
365
363
370
367
366
363
363
364
370
367
364
362
362
366
370
368
366
364
366
370
371
368
366
364
366
371
370
367
366
365
368
372
370
366
366
367
372
371
369
367
368
373
375
374
370
370
370
375
374
371
370
368
368
373
373
369
369
366
371
373
373
366
366
367
375
371
369
366
367
369
373
369
367
365
367
371
371
368
368
366
368
373
371
368
366
365
374
370
368
364
368
372
369
368
369
366
372
372
369
369
371
368
374
374
374
371
369
374
377
375
373
371
373
379
376
374
371
373
378
377
375
372
371
375
378
375
373
370
372
379
376
372
368
376
374
376
373
374
374
370
368
370
375
375
370
369
369
375
376
375
370
371
371
377
377
375
370
372
373
379
376
374
371
372
376
377
373
372
369
371
376
375
371
369
369
372
374
370
367
367
368
374
369
368
364
367
369
370
367
366
364
367
371
368
366
365
364
367
368
369
364
365
364
371
367
367
365
364
365
372
367
365
363
365
368
369
365
365
362
365
368
367
366
363
363
366
369
365
364
363
362
367
366
365
361
361
362
366
365
362
360
361
365
367
365
363
360
363
366
367
364
363
363
367
367
367
363
363
361
371
365
366
362
362
363
369
364
363
361
362
364
366
364
361
359
361
365
364
362
359
360
365
362
362
359
357
357
368
363
360
359
359
361
367
365
362
361
361
364
368
364
364
361
361
367
369
365
364
362
363
368
368
365
364
363
365
370
368
365
364
361
366
370
367
362
362
362
371
366
365
363
363
366
371
368
366
365
365
368
371
369
366
363
366
372
369
366
364
368
369
371
368
365
368
371
368
368
370
371
367
367
373
369
371
370
370
368
370
371
369
370
370
368
369
369
371
369
370
366
367
367
372
369
367
364
365
366
368
364
362
361
361
365
364
361
360
359
360
362
361
362
359
357
357
360
362
358
356
355
357
360
360
360
357
357
358
362
360
359
357
356
360
361
360
357
358
359
363
360
357
354
357
358
358
354
357
363
362
363
361
367
367
366
363
365
368
368
372
368
369
371
372
373
373
371
372
374
374
377
372
375
377
378
379
378
378
378
385
385
388
385
386
388
388
392
388
389
389
389
391
391
388
389
389
390
392
391
390
390
395
393
397
392
394
395
395
396
396
395
396
398
394
398
396
395
398
398
400
399
401
400
402
404
403
403
406
404
406
403
400
399
400
402
402
405
403
407
408
406
405
405
406
405
403
404
405
409
412
412
415
416
414
417
419
419
417
418
418
422
420
421
420
427
429
430
433
438
438
438
441
438
441
440
437
435
437
438
437
435
432
436
437
437
436
435
438
438
438
439
439
440
441
439
438
440
445
446
443
442
440
438
435
432
438
434
435
436
435
433
432
436
433
432
430
428
433
434
435
436
439
443
443
444
442
440
443
445
448
452
451
452
453
454
456
453
455
457
461
462
464
473
476
479
480
481
479
479
474
472
465
464
464
464
471
479
497
515
522
521
513
508
507
499
497
493
489
488
493
493
494
492
496
495
502
511
516
517
521
519
520
517
513
512
509
502
503
498
496
502
502
516
521
537
563
571
556
546
542
535
528
521
513
507
500
500
501
512
515
524
532
535
538
533
531
526
528
524
523
523
525
529
530
528
526
528
526
531
530
532
540
552
554
554
545
543
540
536
534
530
531
525
532
543
548
550
549
550
549
542
544
538
531
533
535
535
542
542
554
563
567
567
563
559
555
551
544
541
536
538
544
546
549
550
549
554
549
548
535
528
524
520
520
516
521
535
556
580
580
577
569
568
568
561
555
551
539
534
531
526
522
530
529
533
536
545
546
553
562
560
567
563
568
572
574
571
571
567
576
581
571
569
574
577
587
586
585
578
573
570
566
563
559
552
549
551
553
556
553
559
554
563
558
558
552
552
553
544
543
542
555
558
588
626
639
638
632
616
608
598
588
571
564
565
553
550
550
545
544
543
542
546
540
539
538
542
540
538
534
534
533
537
534
534
535
533
537
534
533
535
533
542
541
554
557
562
564
566
556
556
563
563
568
569
570
571
564
563
562
567
567
580
597
603
611
607
611
607
597
587
579
564
563
558
551
550
554
560
574
586
612
624
618
610
593
586
574
572
562
560
565
571
578
577
580
587
584
586
575
568
567
560
567
564
567
573
585
598
610
626
635
638
627
619
599
590
582
573
571
567
571
574
583
592
603
605
616
631
629
634
625
617
607
602
606
602
604
613
619
618
629
620
616
616
612
604
611
603
601
611
605
604
605
603
597
594
589
584
576
562
563
551
546
541
549
568
627
1015
854
849
833
816
782
695
663
647
632
626
619
614
615
614
624
626
640
652
660
656
648
644
630
620
614
599
604
597
594
580
569
569
564
570
573
578
582
588
600
606
608
608
608
610
605
604
607
611
631
657
652
658
659
654
640
630
619
611
610
611
616
625
647
657
669
658
658
660
640
629
624
615
611
608
611
619
624
635
643
636
631
628
620
613
606
604
597
599
607
626
637
661
688
689
675
660
657
642
627
622
609
599
606
604
612
621
630
630
626
623
618
607
596
581
577
568
566
569
579
583
582
584
584
581
583
584
591
599
606
624
637
638
631
621
608
600
588
583
583
587
597
619
646
657
686
706
715
686
667
658
646
638
623
619
621
624
646
673
676
678
683
688
678
659
656
644
644
633
637
633
639
659
658
657
657
655
652
642
637
626
621
623
624
627
633
646
657
656
655
650
651
646
631
620
616
608
611
614
623
636
657
701
708
691
686
663
652
634
623
612
616
609
604
606
606
621
619
611
599
599
596
592
590
584
584
576
572
569
565
559
554
543
535
539
542
571
600
583
568
578
571
562
559
551
550
553
549
545
540
539
535
538
526
529
527
531
532
539
537
536
537
539
539
541
541
538
534
532
528
525
520
522
526
533
535
543
549
555
558
562
560
562
559
560
558
556
554
552
554
548
556
555
558
1296
843
805
850
760
679
644
640
627
618
604
594
578
564
554
547
539
531
524
520
516
509
503
501
497
495
490
486
483
482
481
478
477
477
479
479
480
482
488
492
495
499
499
501
509
508
503
506
513
529
730
804
741
665
629
599
576
579
608
632
627
601
595
594
594
586
577
564
552
551
543
537
532
530
523
537
643
651
612
596
595
593
582
570
570
563
555
551
545
540
533
530
527
524
521
516
514
511
511
509
509
504
502
496
501
497
489
498
562
593
607
584
605
626
676
720
685
739
748
748
692
727
715
710
679
697
689
692
671
711
700
687
680
699
675
641
637
631
643
662
676
646
631
631
630
616
614
634
641
652
649
694
710
693
686
698
707
682
663
678
679
665
667
688
708
691
686
700
699
671
694
705
716
684
700
696
707
671
679
688
710
696
695
719
727
705
698
712
710
691
703
736
747
718
710
717
720
695
689
700
704
689
685
703
709
700
697
706
708
658
666
657
657
651
645
659
656
636
621
636
649
669
672
674
688
692
698
682
704
705
707
687
703
707
737
721
708
718
729
725
705
720
720
716
690
718
726
768
729
762
737
709
662
667
657
686
683
709
730
773
741
743
737
729
726
713
713
697
681
675
681
729
724
720
729
775
791
767
756
766
755
735
714
726
724
728
719
741
750
762
743
749
745
715
697
702
709
704
726
733
741
730
722
733
725
720
719
729
729
731
717
733
739
735
722
729
735
734
723
728
739
737
731
731
749
763
740
725
732
721
702
688
646
638
631
626
617
598
601
593
578
568
567
561
558
553
548
545
540
537
537
535
537
549
569
589
599
604
606
605
599
615
639
658
651
635
619
605
599
588
588
596
609
623
633
627
646
664
682
676
662
650
645
640
634
623
615
615
619
632
636
646
651
660
655
646
634
620
611
606
603
598
600
604
617
629
636
634
631
632
624
615
605
597
594
597
596
598
598
607
617
629
627
619
619
611
604
597
588
582
582
585
584
585
590
604
614
620
623
626
626
625
615
606
599
592
590
585
585
590
600
619
631
638
655
660
662
654
636
621
611
604
599
595
591
593
604
611
611
618
618
620
613
612
613
616
616
611
606
605
604
599
596
589
583
585
582
585
593
609
612
613
611
611
611
604
597
586
577
570
568
567
570
576
578
589
603
603
603
610
618
613
605
596
591
583
581
577
573
571
577
589
610
617
624
626
641
644
640
626
617
609
603
591
584
579
582
591
601
615
629
646
659
651
640
637
630
621
609
596
588
581
578
576
584
592
618
645
651
648
642
638
626
610
596
584
569
561
553
551
556
563
570
583
602
616
627
624
619
621
620
616
610
607
604
600
604
619
632
634
642
637
643
637
626
631
627
629
628
624
618
617
628
638
645
639
647
660
663
668
650
646
637
637
627
626
625
668
648
644
650
656
652
639
626
616
610
605
601
602
606
616
632
646
652
636
630
628
625
622
612
606
605
592
586
590
586
585
594
598
604
617
637
646
644
635
634
623
616
608
598
592
593
597
613
632
648
665
671
679
688
677
652
631
612
602
598
587
585
583
591
611
647
653
653
669
675
661
646
639
629
618
606
597
591
591
598
604
608
621
645
646
623
611
607
596
579
574
580
585
602
637
650
645
641
646
638
623
615
612
602
604
597
605
613
625
637
653
657
663
659
653
646
636
621
602
595
590
594
601
605
634
672
710
718
697
701
698
672
641
624
616
611
612
622
627
642
673
708
708
679
660
653
637
619
608
599
597
600
600
597
605
627
654
657
646
647
648
646
634
623
613
612
619
631
620
631
655
681
707
691
688
679
670
663
639
623
616
613
621
632
646
655
670
691
693
688
671
657
648
640
630
630
632
640
642
639
641
646
646
644
633
623
616
612
604
599
599
602
602
606
611
622
631
619
610
604
602
598
592
591
586
590
593
593
598
612
621
624
604
585
590
579
571
559
554
546
540
537
533
539
575
628
651
655
666
654
649
626
604
590
574
571
559
553
553
549
552
554
561
561
563
564
562
560
572
567
569
567
566
558
553
547
546
541
540
540
544
549
555
559
574
568
566
565
558
554
546
545
542
539
544
565
601
636
631
652
657
658
632
619
609
593
580
570
564
555
553
547
548
560
564
580
607
616
624
645
646
642
625
612
607
595
590
590
592
601
601
615
638
653
649
635
629
624
616
605
598
590
586
587
590
600
604
615
632
644
615
630
617
613
605
597
591
591
595
609
608
634
672
754
747
727
726
710
697
659
651
637
628
617
603
595
596
599
617
641
630
652
677
693
689
666
660
653
646
632
613
604
600
607
610
616
604
619
647
632
608
603
604
598
597
589
590
594
614
639
669
671
683
684
672
656
648
638
627
612
607
599
600
609
629
640
640
668
689
681
659
647
640
630
611
599
589
584
578
570
581
617
681
675
683
680
677
661
642
627
616
609
598
594
576
581
568
569
575
602
633
660
659
653
642
640
635
631
617
606
597
592
588
588
585
588
588
592
594
597
589
589
588
588
585
582
576
571
572
574
574
579
583
586
592
598
593
601
608
613
607
598
585
575
565
562
560
557
559
566
575
590
593
589
611
630
646
641
640
629
598
583
574
567
568
576
601
621
670
690
683
668
657
646
637
622
604
601
597
602
615
628
643
659
681
692
684
675
654
642
632
616
613
608
615
630
651
671
662
650
648
649
651
644
629
612
598
587
574
569
571
569
571
566
568
572
583
592
600
613
629
635
621
621
614
601
585
571
563
559
557
561
557
553
561
578
607
626
624
618
620
610
598
593
595
599
598
626
628
621
609
606
601
609
613
624
631
643
626
605
596
585
579
578
579
583
581
581
600
634
685
700
694
674
649
628
615
611
617
597
584
593
586
571
563
559
554
551
577
645
668
662
670
655
631
618
607
602
604
605
610
627
648
640
626
617
609
602
594
587
577
571
560
551
546
544
551
566
579
588
599
598
602
602
608
602
598
596
587
565
571
563
561
562
552
555
548
554
555
559
565
554
556
553
556
554
546
547
546
540
535
533
525
517
509
508
499
499
492
480
481
477
472
467
461
461
456
457
457
458
456
459
462
466
472
474
475
473
476
482
485
497
516
535
557
553
551
558
561
560
551
549
547
539
533
528
525
529
533
542
545
552
559
565
561
559
563
565
562
553
549
546
544
543
546
553
571
600
596
606
622
643
625
624
620
616
598
588
592
601
628
649
669
677
717
682
637
604
604
597
588
573
573
580
617
710
709
908
843
813
826
808
769
741
711
671
642
659
676
773
751
806
882
877
768
762
743
713
672
692
700
745
708
772
786
744
747
748
760
692
702
690
721
682
752
798
815
779
786
771
701
726
727
748
688
720
713
751
694
728
727
785
731
766
765
783
740
738
749
798
748
756
762
796
733
770
784
819
736
764
771
760
722
769
776
775
752
758
787
746
741
745
760
765
721
769
796
829
777
770
774
791
750
768
766
763
691
711
696
734
760
796
844
863
802
784
750
731
674
697
697
771
764
785
820
851
749
783
770
767
701
737
695
708
652
687
724
942
897
929
923
873
836
779
756
702
737
739
771
811
818
873
891
790
732
704
726
694
695
702
719
751
799
813
773
713
723
724
767
776
761
695
709
703
729
777
776
800
894
800
777
754
757
706
752
767
870
794
807
811
786
722
751
755
774
711
746
743
793
737
743
744
760
722
717
737
779
776
719
747
746
765
707
734
729
747
752
808
831
802
755
765
757
750
699
735
732
766
758
778
817
859
847
778
797
773
773
737
739
743
769
784
743
789
786
807
736
759
746
749
708
750
750
788
749
801
819
810
740
754
748
746
714
754
742
765
738
757
781
779
772
711
742
738
765
761
757
777
794
784
723
752
738
757
743
732
768
787
820
753
787
768
766
704
705
713
721
728
709
781
799
821
750
786
768
754
706
706
711
725
729
718
775
819
832
804
764
742
719
667
673
676
682
720
779
873
845
841
861
838
823
780
762
729
703
707
698
735
771
796
798
801
787
729
757
738
747
737
815
862
848
832
752
751
757
741
735
773
707
698
688
657
632
624
609
595
584
573
568
562
555
545
543
540
546
569
591
655
749
782
803
772
765
735
694
666
639
618
601
583
574
576
609
756
883
815
795
792
788
715
653
635
618
609
591
603
596
603
605
595
596
601
619
637
650
628
646
646
633
619
616
623
638
636
639
653
670
719
719
738
756
749
722
737
734
725
701
706
729
746
733
723
719
725
717
705
701
694
682
653
658
664
675
693
729
746
729
749
746
714
676
684
675
679
665
696
708
753
729
773
770
751
706
698
676
663
659
663
665
656
654
624
616
615
616
626
630
633
632
622
616
626
661
795
894
880
914
843
784
724
661
635
623
609
616
652
697
743
715
758
745
732
687
670
657
636
628
611
611
624
650
654
650
688
715
749
721
667
676
664
666
670
661
695
739
798
811
699
664
644
646
629
612
599
592
580
567
563
564
548
544
534
532
529
520
515
508
511
506
512
532
563
616
648
619
633
677
664
677
700
688
648
652
646
657
644
628
633
648
660
774
739
673
701
720
702
638
640
638
632
638
615
640
666
728
693
762
748
724
679
679
686
661
643
646
662
680
673
728
766
736
732
774
780
685
706
707
713
672
725
776
836
752
813
853
770
722
741
757
729
783
819
854
767
835
855
772
774
773
804
742
819
854
860
754
805
824
815
749
798
838
859
753
780
781
762
730
771
803
802
764
800
806
799
747
771
763
753
709
744
750
791
747
811
824
807
793
802
800
750
747
755
784
771
757
811
859
853
763
786
783
780
711
755
752
796
723
796
813
852
803
804
779
770
727
710
728
750
804
759
779
813
867
853
759
723
726
723
744
717
823
862
916
858
877
859
841
758
789
778
799
792
755
798
801
811
806
787
844
781
787
791
759
780
749
773
790
770
692
707
707
752
812
806
828
862
852
783
796
808
794
737
791
801
838
774
818
828
816
750
780
784
774
738
781
788
796
723
768
763
783
723
755
752
781
718
753
760
808
759
800
804
834
744
765
747
742
703
723
715
729
707
771
809
846
780
800
781
754
687
705
688
701
700
754
767
855
785
834
866
870
769
791
752
748
702
733
747
806
743
802
834
876
836
794
776
749
727
713
779
806
828
754
767
753
774
719
721
719
730
742
748
815
852
848
812
835
832
809
742
755
749
775
731
786
797
839
794
780
777
739
686
724
736
826
864
793
816
815
768
738
730
739
716
698
741
764
813
747
796
786
765
711
730
722
725
705
746
751
813
802
795
811
819
763
735
754
756
754
702
723
688
681
668
676
735
1014
989
883
881
833
815
741
746
738
720
713
713
746
762
761
774
809
800
837
787
792
750
725
680
677
675
694
744
762
809
854
874
821
781
768
761
734
704
735
750
797
754
821
859
864
777
791
781
773
753
713
752
762
785
738
792
806
818
789
767
771
780
769
708
737
745
760
732
748
769
789
801
713
743
730
744
707
754
759
826
785
816
793
762
718
747
747
773
727
777
769
789
731
773
759
777
717
742
729
725
675
684
704
743
782
761
820
841
839
759
788
767
767
749
719
751
755
768
730
778
771
786
719
719
719
729
728
737
786
838
875
781
797
780
758
713
747
737
754
722
707
729
743
771
743
762
763
761
733
695
731
737
785
778
724
768
770
771
721
733
722
725
718
692
727
732
769
733
753
748
757
712
717
726
753
766
715
746
722
747
711
731
750
778
766
718
749
744
756
706
744
742
768
729
766
754
778
726
750
744
750
722
722
745
778
800
741
770
763
767
725
708
725
727
752
710
751
745
761
730
688
710
724
758
721
771
756
756
705
694
694
721
734
694
738
764
821
763
753
735
732
682
684
684
704
698
699
745
787
773
738
766
788
756
703
713
708
708
675
701
726
776
724
772
771
769
699
726
726
739
721
729
756
781
773
712
748
723
731
716
690
723
758
800
745
799
798
812
712
718
703
688
639
631
622
628
612
614
692