665
797
790
714
703
708
717
705
731
783
755
762
737
707
697
697
734
725
763
832
800
801
790
779
720
715
694
678
710
755
879
801
791
775
718
710
690
687
670
651
646
648
631
628
628
630
636
616
605
604
597
602
623
620
643
679
737
780
768
748
714
658
616
592
571
558
544
540
546
580
650
675
1020
937
821
745
682
676
703
817
992
932
843
773
804
891
940
862
758
687
646
630
655
740
1099
872
869
817
733
687
669
661
645
622
615
616
630
650
650
671
705
721
682
661
647
645
650
640
652
631
604
608
620
621
653
718
1065
917
822
750
688
646
626
614
614
665
1191
1021
952
917
789
695
661
656
664
659
656
659
676
692
697
714
708
705
680
667
640
617
602
587
575
574
637
795
957
922
891
815
735
676
617
584
570
563
563
563
569
561
563
570
571
568
559
558
555
562
564
554
548
547
545
546
545
542
542
537
530
531
535
534
534
538
545
551
548
544
545
546
546
543
553
543
536
531
529
528
534
534
535
528
529
534
549
550
550
557
561
568
568
572
570
568
562
555
550
549
547
544
544
542
544
546
546
547
551
557
563
563
566
572
577
583
573
572
567
561
549
544
543
540
533
534
538
537
535
535
543
551
549
549
550
555
561
555
556
557
558
557
549
539
539
540
540
539
535
534
541
544
540
541
541
549
542
537
535
536
540
540
533
531
531
537
541
539
537
545
556
556
560
551
547
545
540
532
521
525
531
546
536
535
535
548
558
551
551
547
554
555
549
539
532
538
532
529
524
523
528
525
524
522
531
540
536
537
537
543
541
542
534
525
517
509
504
498
496
494
492
498
538
573
589
605
659
731
697
662
629
610
585
569
560
549
548
540
535
535
533
527
523
521
519
520
528
535
551
539
532
523
520
522
543
574
583
592
568
560
553
555
556
553
548
545
549
546
538
527
521
525
536
559
567
575
581
563
550
546
537
537
537
531
525
520
512
508
514
524
553
574
590
581
585
582
581
577
572
561
547
533
530
525
527
529
528
548
575
596
593
578
584
588
581
568
564
554
551
547
534
523
513
511
515
516
514
526
549
560
557
573
590
604
587
572
563
557
549
540
533
523
517
522
523
542
544
542
534
538
548
541
537
528
528
532
527
531
522
518
526
535
548
537
533
528
526
529
530
532
523
518
518
521
520
518
518
515
519
526
541
533
535
535
544
547
537
530
522
522
525
529
522
518
515
519
521
517
516
507
501
500
505
515
521
517
509
504
506
512
511
513
510
504
500
502
506
504
504
499
496
495
506
513
534
526
522
518
511
509
510
510
509
503
502
502
509
515
517
516
517
522
530
540
531
529
519
515
513
517
523
526
532
536
550
552
544
541
533
535
535
527
521
518
520
515
516
517
514
512
510
503
501
501
501
499
497
497
495
499
507
519
533
533
527
521
521
523
521
520
512
507
502
499
494
485
481
485
491
521
549
587
584
564
550
544
539
532
516
506
496
499
496
487
488
488
491
498
502
508
511
514
518
523
521
516
512
519
517
516
509
505
505
506
503
502
501
505
511
518
516
514
517
521
519
512
513
514
512
508
494
493
497
500
500
499
511
514
518
519
513
515
517
509
507
503
513
529
526
537
539
548
547
546
539
535
533
524
519
511
501
492
482
480
486
498
563
625
676
691
657
617
599
585
560
546
539
529
517
511
506
505
506
501
500
491
480
482
483
481
479
474
478
478
477
473
467
468
473
475
471
468
467
468
470
474
475
476
476
478
484
484
482
478
473
478
479
478
475
469
468
469
474
476
472
473
471
467
466
466
471
479
487
480
478
475
477
481
484
487
496
496
491
486
480
483
483
477
477
477
478
478
478
477
476
478
481
481
477
479
479
476
479
477
478
471
464
463
462
460
458
454
458
458
462
467
463
464
466
471
476
480
481
479
476
474
473
472
470
464
465
463
458
463
461
466
467
465
465
469
468
467
463
467
465
461
460
459
462
463
461
460
461
462
468
462
464
468
466
465
463
460
465
459
458
457
453
453
452
446
449
443
438
441
439
444
451
455
455
453
459
466
470
469
467
466
465
465
464
461
456
456
454
456
456
456
454
459
461
468
470
468
467
466
466
470
469
469
464
461
458
459
459
464
462
463
463
467
469
469
469
467
464
467
466
465
462
457
458
455
451
451
454
457
465
462
462
464
464
468
465
465
463
460
459
456
455
454
450
450
447
449
450
453
454
454
454
455
465
470
474
470
465
460
459
458
460
461
464
461
459
458
463
459
461
458
453
454
453
453
452
452
449
452
453
458
459
456
454
451
449
452
451
450
448
446
448
446
444
449
448
453
453
454
452
452
455
458
453
452
453
452
452
451
449
448
448
445
446
444
441
440
438
437
442
438
437
438
436
436
432
433
436
436
434
433
433
438
438
438
438
438
438
438
444
446
449
448
444
442
439
438
438
435
430
430
428
426
431
430
428
429
428
432
439
440
440
441
438
442
441
441
440
438
435
438
434
436
434
432
432
432
435
436
436
436
437
441
442
445
442
438
438
438
440
440
438
436
434
434
429
434
436
439
444
443
440
443
444
446
447
444
444
441
442
445
442
439
438
436
433
432
433
433
432
434
437
437
439
448
447
443
447
445
447
452
446
447
446
444
445
449
443
441
441
445
446
441
438
438
437
438
437
435
436
435
438
441
443
443
439
444
445
446
444
438
437
441
441
440
438
436
434
435
436
435
438
435
434
437
435
437
445
441
442
444
446
445
451
449
448
446
443
444
449
446
445
446
443
439
447
445
445
446
445
441
449
448
446
440
438
435
439
437
436
435
431
430
437
438
440
440
437
439
439
443
446
443
441
444
443
445
441
440
437
432
430
433
432
434
435
431
432
431
435
437
436
435
438
438
438
447
444
442
439
438
438
438
438
436
437
430
438
435
435
433
435
429
438
436
437
435
438
436
444
443
443
442
441
438
446
444
444
439
437
434
436
436
437
437
434
435
433
437
440
438
438
439
438
441
440
438
436
432
427
429
425
427
426
422
424
422
427
429
430
433
432
432
429
433
434
435
432
432
428
432
431
433
428
425
426
426
427
428
425
422
423
423
422
427
424
423
428
424
429
429
429
428
426
427
424
426
427
425
424
424
423
424
424
427
426
425
428
423
425
429
430
426
425
424
422
429
426
426
423
423
420
423
424
424
421
427
422
429
431
430
428
430
425
434
435
434
434
434
435
436
437
440
444
448
450
451
452
455
457
459
457
456
453
451
450
451
452
453
454
458
462
465
469
471
473
478
483
490
491
490
491
491
491
493
493
493
494
493
496
499
499
501
504
509
515
512
513
509
509
511
507
508
506
504
505
503
504
505
506
507
506
508
508
509
510
508
510
509
510
507
508
506
506
507
507
508
510
506
506
503
503
501
497
497
498
503
502
507
509
508
502
504
503
502
505
502
506
507
510
515
516
521
525
527
527
525
526
525
522
520
519
517
516
516
515
512
513
514
517
520
518
519
521
515
512
510
508
507
509
510
512
511
510
512
511
515
518
519
522
524
527
530
533
531
532
531
530
526
526
524
526
531
542
553
555
555
553
552
548
540
531
529
526
523
520
519
520
523
531
543
550
551
550
550
549
546
544
541
539
539
542
542
544
540
541
545
542
540
536
531
529
530
534
539
541
533
538
543
547
549
555
556
553
547
547
543
542
540
542
544
540
544
547
552
557
562
563
563
563
560
553
539
538
534
532
528
527
526
530
528
527
521
517
513
507
509
503
497
494
493
491
486
483
486
479
474
474
473
474
470
465
463
462
461
459
454
453
450
450
453
452
448
447
448
446
449
446
445
442
443
444
445
447
442
440
443
443
443
441
438
439
441
440
441
440
438
438
438
437
439
438
438
436
437
437
436
436
437
434
432
435
435
436
437
433
433
434
429
431
431
432
428
428
428
427
426
425
423
422
423
418
415
416
419
419
418
419
420
421
423
422
425
420
423
425
419
414
413
413
413
417
413
417
417
414
414
414
416
418
418
411
416
421
419
416
422
416
418
419
413
409
408
412
411
412
407
404
414
413
416
414
414
424
428
428
427
430
430
433
434
433
433
428
431
430
430
424
420
406
421
416
415
413
407
405
411
407
410
413
412
410
422
426
424
426
427
430
431
434
437
439
438
438
438
437
438
436
437
436
432
440
438
439
442
443
446
444
447
448
445
443
440
438
442
451
449
452
454
454
459
465
464
465
466
466
466
467
462
462
460
458
456
455
459
455
455
454
454
458
454
455
459
456
463
464
462
459
460
458
466
463
461
462
457
460
462
465
467
462
462
463
465
471
470
471
472
473
479
478
478
480
479
479
479
476
476
470
467
470
471
469
467
468
466
468
470
473
470
471
472
473
478
478
474
475
472
477
476
471
472
464
459
461
458
460
467
471
475
479
479
479
484
489
487
489
489
488
486
483
482
481
476
472
475
471
473
476
479
489
487
487
488
489
490
490
489
486
487
478
472
471
468
464
462
465
472
488
482
483
482
482
484
485
483
484
482
481
481
477
471
468
467
466
466
468
469
464
461
459
462
474
474
476
477
475
477
480
478
479
477
475
479
479
478
477
476
478
481
484
483
481
481
484
487
489
482
482
482
482
483
479
473
468
466
467
466
463
464
462
467
474
480
484
485
482
484
487
489
486
488
486
483
479
477
474
475
477
481
481
482
485
490
494
492
494
495
495
497
494
492
491
487
491
491
487
487
488
496
500
502
502
499
501
502
504
500
498
498
500
504
501
498
501
507
512
510
510
506
503
502
495
490
482
479
480
485
486
491
495
498
503
508
513
508
503
499
494
498
497
496
499
495
491
484
480
480
485
491
496
506
521
514
515
518
517
520
514
516
509
502
499
496
492
493
497
498
494
493
490
493
491
485
486
486
486
482
480
480
483
487
493
497
493
490
484
484
482
480
472
471
470
469
473
477
480
484
491
501
500
496
502
502
502
501
499
493
492
491
486
482
478
479
481
479
479
479
478
479
474
471
470
464
467
479
489
495
496
492
486
482
479
481
480
482
479
475
477
480
478
475
475
476
474
479
475
479
484
491
504
496
499
502
504
503
503
502
496
487
481
478
474
473
477
475
473
474
476
479
477
475
476
475
476
478
472
471
475
475
475
475
472
475
477
480
477
478
479
477
479
474
469
471
470
472
473
472
474
479
483
487
486
487
488
492
497
494
492
493
497
498
491
491
494
491
490
489
482
481
484
491
501
505
512
521
538
538
526
521
521
521
520
520
520
521
521
522
519
521
521
523
514
525
529
529
526
535
533
532
533
535
531
525
513
509
514
515
517
528
537
556
571
573
572
572
577
577
576
569
571
569
568
562
562
558
555
558
552
552
547
554
573
577
600
604
613
619
597
592
584
579
568
558
556
550
551
549
545
550
548
546
547
544
543
538
532
529
525
522
523
526
530
537
546
551
556
569
581
588
580
584
584
582
580
574
576
575
577
581
581
577
579
589
612
637
627
639
639
625
608
601
593
582
565
555
555
552
557
568
581
602
606
616
608
604
598
597
590
584
573
568
570
581
602
617
622
631
618
607
610
605
601
592
580
562
545
527
522
522
548
693
951
826
811
748
690
637
609
594
589
603
625
643
644
644
625
630
629
632
633
617
616
602
591
580
557
542
536
553
560
562
558
552
555
558
556
547
542
537
529
526
516
510
507
506
500
494
488
486
485
485
484
481
477
478
478
477
473
471
471
472
466
461
459
458
460
457
454
450
450
453
447
450
447
446
441
441
440
438
438
435
430
430
427
426
427
427
426
425
424
423
421
421
420
422
421
418
419
420
418
417
415
412
414
414
412
411
409
406
405
406
406
405
404
399
400
401
398
401
398
396
399
396
397
397
396
396
396
396
394
394
397
396
396
394
394
396
394
393
396
394
392
394
393
393
392
391
392
390
389
394
389
390
389
392
388
389
388
387
387
386
388
386
384
388
384
386
386
386
383
386
383
384
382
385
384
381
386
382
383
383
382
383
383
383
382
380
382
383
388
383
383
383
384
383
383
382
381
380
376
379
379
380
375
378
378
376
377
374
377
375
375
379
374
377
376
379
375
378
371
381
379
378
375
377
373
381
377
378
376
377
374
377
374
376
374
374
376
371
376
375
372
373
378
376
374
378
374
379
377
380
375
378
374
379
377
376
377
374
375
374
377
377
377
374
374
376
370
378
378
376
375
376
371
380
378
377
376
378
372
377
373
374
376
374
374
375
375
374
376
376
377
377
378
374
379
378
378
376
377
377
375
377
375
376
374
372
375
373
374
374
373
374
374
374
374
371
374
375
373
374
373
371
373
373
373
373
373
373
372
373
374
373
374
374
373
375
374
376
375
377
374
376
375
376
375
375
373
374
372
374
373
373
373
372
370
373
372
372
371
370
372
371
374
373
372
373
374
374
372
374
372
375
374
376
375
376
376
377
377
377
379
379
380
380
380
379
380
380
380
379
379
379
378
374
379
376
379
375
376
374
374
374
372
376
372
373
368
374
373
373
375
373
367
379
373
375
376
378
377
376
375
377
375
375
377
376
375
376
375
375
375
371
377
376
375
376
373
375
378
375
375
375
371
374
376
376
372
374
372
371
374
374
369
369
371
370
368
374
371
369
372
369
370
373
370
371
371
369
373
372
370
372
371
370
372
371
371
371
370
370
370
369
371
370
370
365
371
369
366
371
369
367
366
370
368
370
368
368
369
366
368
368
368
367
367
367
367
366
367
367
367
366
365
366
368
367
367
369
368
366
369
369
369
370
368
367
370
370
368
369
366
368
367
367
367
368
368
365
368
367
368
367
367
365
367
363
365
364
363
365
360
366
362
364
364
364
364
363
365
363
367
366
365
367
365
365
365
365
366
365
364
364
363
364
365
362
364
363
362
363
362
363
365
364
365
365
364
365
365
370
370
369
370
371
370
374
374
373
373
371
369
373
373
370
373
369
369
370
369
372
370
370
371
368
370
372
370
372
372
370
373
372
373
374
373
373
373
373
372
373
374
374
371
372
372
370
375
373
372
373
373
372
374
374
374
374
371
374
372
375
374
375
374
372
373
375
375
374
373
372
373
374
374
372
373
372
369
372
371
370
365
369
371
372
369
369
360
371
370
364
370
367
367
362
368
368
367
361
370
364
363
362
362
361
357
365
364
365
359
356
366
362
359
365
363
363
363
363
364
363
363
365
365
367
367
362
367
366
367
365
367
363
366
366
366
366
367
365
365
366
365
367
367
365
362
366
363
365
365
364
362
365
366
365
365
366
363
366
364
366
365
366
366
364
364
366
366
366
366
364
364
363
364
365
365
364
364
362
364
361
366
365
363
366
363
367
364
365
364
364
364
363
364
365
363
364
361
362
360
363
360
361
362
357
362
359
362
361
363
360
361
362
363
363
360
362
361
364
364
364
363
365
363
363
362
360
359
360
360
359
357
354
358
358
355
356
352
354
355
354
353
352
350
353
351
349
349
346
350
347
350
344
349
346
346
348
344
346
345
344
344
344
343
344
343
343
340
343
341
341
343
342
339
343
340
342
340
339
341
340
341
340
340
340
339
339
338
341
339
339
340
339
339
340
338
339
338
339
339
337
339
340
337
340
339
338
339
339
338
338
338
338
338
337
339
338
337
338
338
338
338
337
338
338
336
338
337
336
337
337
337
337
338
336
335
338
336
336
336
336
336
335
337
336
336
336
336
334
338
335
335
336
335
335
337
335
335
336
335
335
336
334
335
335
335
337
334
335
333
335
337
335
336
334
336
335
336
336
337
334
337
337
336
337
336
334
338
335
337
333
338
333
335
335
338
338
336
336
334
339
337
336
335
336
339
339
337
337
338
339
337
339
335
339
339
338
340
337
340
340
343
338
341
338
341
343
341
342
339
341
341
343
342
343
339
342
342
344
341
344
342
344
344
346
346
345
346
345
344
347
347
347
346
348
346
347
350
349
347
352
349
349
351
354
351
352
353
352
353
356
353
354
352
354
354
358
357
357
354
358
358
360
361
360
358
360
362
364
363
364
360
364
363
365
365
365
361
366
367
368
368
371
368
370
369
372
370
370
372
371
371
369
365
367
370
369
370
367
369
368
363
368
367
369
365
366
363
366
365
367
369
369
366
365
366
368
369
365
368
366
369
373
371
372
373
370
376
375
378
376
374
375
379
380
380
379
378
378
379
378
379
377
375
381
376
382
378
377
383
380
383
382
376
382
379
384
383
381
382
380
383
380
382
382
381
383
379
376
377
378
377
378
378
375
382
384
385
385
384
391
391
393
396
393
394
394
394
395
391
389
384
384
385
384
387
386
384
387
379
382
383
385
384
381
380
374
382
381
380
383
385
387
393
390
390
388
393
395
396
397
397
397
402
400
404
401
401
404
405
405
405
403
402
404
402
404
402
403
401
406
407
407
404
410
410
408
406
409
411
411
410
409
406
411
410
412
411
408
411
411
414
413
412
412
412
415
413
414
410
414
413
415
414
413
409
407
408
408
408
404
407
410
412
412
412
414
412
416
418
419
419
419
420
424
422
424
419
424
426
424
429
427
428
425
423
420
423
424
423
423
428
428
434
435
436
435
438
441
439
439
438
443
441
440
438
436
440
438
439
439
438
439
441
438
440
438
440
440
442
442
441
444
449
447
447
446
450
448
449
446
446
447
449
449
448
448
447
449
448
450
450
456
454
453
451
452
453
450
452
450
450
454
450
448
432
446
443
442
438
437
451
453
451
452
455
460
463
463
466
465
469
467
468
467
471
467
467
467
464
468
464
464
460
468
463
462
455
466
460
465
462
458
468
470
468
467
471
468
469
465
472
470
468
465
453
469
461
458
450
467
467
459
467
469
466
472
468
473
466
467
463
465
464
461
453
460
461
461
458
451
463
464
464
460
462
473
467
455
470
472
467
470
467
470
465
462
463
454
460
454
448
447
438
451
466
485
479
478
481
486
495
493
494
498
499
495
495
492
493
488
484
482
483
482
483
482
484
485
486
485
490
491
491
488
490
492
492
492
484
479
479
479
470
469
477
478
481
477
492
492
486
488
493
493
494
495
497
497
492
495
491
487
486
480
483
488
484
481
477
495
495
490
497
492
487
489
484
475
487
483
483
478
493
493
497
491
494
501
496
494
486
483
489
486
481
479
495
493
491
487
501
502
497
494
497
497
495
492
491
496
499
495
495
507
508
505
506
507
506
503
499
497
500
500
499
496
501
504
510
513
509
507
513
511
511
508
504
506
505
506
500
500
504
507
514
509
510
513
513
513
512
513
512
510
511
509
505
513
516
516
519
521
524
524
528
530
532
522
529
521
509
499
501
497
498
500
499
526
526
529
518
516
515
520
512
507
507
511
513
513
508
504
516
515
512
509
503
516
512
507
500
520
514
514
510
509
505
516
511
506
503
510
506
505
501
520
520
516
524
531
530
525
531
532
528
524
527
520
512
507
511
513
503
505
513
517
517
521
531
550
521
529
539
532
527
515
533
519
509
504
497
488
494
491
494
495
498
516
537
516
532
533
541
533
540
540
532
533
520
509
518
507
502
519
510
513
517
521
518
519
522
523
516
541
511
530
523
549
531
556
529
550
535
541
530
530
528
523
514
532
505
536
508
532
532
524
524
540
523
538
529
528
548
524
532
529
547
523
527
521
540
515
525
516
536
510
537
506
516
524
538
509
520
544
535
523
543
514
537
512
516
510
508
527
499
512
514
536
534
547
547
555
558
560
553
554
551
548
539
539
546
540
537
526
544
542
547
553
550
556
559
558
549
554
548
544
532
536
544
544
548
546
554
556
556
557
552
552
551
551
542
549
548
550
551
547
555
559
560
561
562
563
564
564
557
554
553
542
530
539
537
531
519
514
523
501
518
493
497
516
514
517
511
519
510
531
521
527
525
537
525
526
519
533
520
507
509
508
505
506
513
517
527
552
560
579
563
553
544
560
561
563
568
572
566
563
569
567
566
564
556
567
566
565
561
567
574
582
587
586
597
604
616
619
610
609
609
606
591
596
594
599
589
601
606
614
611
607
610
610
609
597
599
597
593
580
573
579
575
571
556
562
563
557
556
546
561
559
563
550
563
562
562
551
562
563
563
549
559
559
560
558
557
567
568
570
565
567
567
565
564
559
565
568
573
573
572
580
581
584
574
571
574
570
567
562
565
568
569
567
570
580
586
588
581
590
590
588
575
580
579
574
567
563
564
565
565
563
574
586
593
596
592
593
579
573
572
564
563
556
562
570
576
586
584
598
599
597
583
583
581
573
561
558
562
562
564
562
569
575
577
579
572
577
581
581
578
575
582
583
586
582
581
583
581
581
574
573
580
583
588
581
591
595
595
597
585
585
584
578
575
567
571
574
577
580
574
580
586
585
581
579
582
584
585
576
578
581
579
571
573
575
576
576
573
579
580
581
574
582
585
587
578
579
583
582
576
574
580
581
584
583
593
602
606
605
600
604
602
600
586
584
585
578
574
568
575
578
581
581
583
589
593
594
587
585
590
588
583
578
582
576
572
563
561
558
554
549
553
563
569
582
587
595
603
606
596
591
588
585
578
572
566
569
572
573
572
573
582
582
584
578
584
587
587
579
581
584
582
571
570
572
572
577
579
588
599
607
612
604
608
608
603
591
587
587
579
571
565
556
550
553
552
561
563
577
593
603
604
607
612
609
598
595
594
586
580
570
571
571
573
582
595
620
642
656
672
656
656
650
646
634
620
617
610
604
590
587
591
590
597
595
604
614
615
604
604
606
603
594
583
584
583
584
581
592
603
608
603
606
613
611
604
602
602
597
584
580
581
579
578
576
585
597
607
608
609
614
615
616
602
596
595
588
577
568
570
573
574
576
589
600
608
604
604
608
610
607
596
598
595
592
583
579
581
583
577
578
579
571
572
570
568
565
556
561
560
561
561
560
566
570
577
584
587
602
610
616
620
616
623
623
625
621
611
613
609
604
599
588
590
584
578
577
579
578
587
595
604
613
610
603
606
605
605
598
599
606
607
615
614
610
616
616
616
604
603
606
605
606
597
599
604
604
607
600
610
618
624
616
625
624
624
617
604
605
601
592
581
583
590
596
610
619
640
646
657
645
644
641
635
628
608
605
599
585
568
566
563
553
545
542
539
545
552
562
577
594
599
584
584
581
575
564
558
545
543
540
538
549
574
585
606
626
657
666
665
650
636
622
605
585
575
564
555
553
553
560
575
605
671
757
727
705
670
644
622
615
606
596
584
580
579
577
578
582
592
600
614
610
620
619
608
608
604
599
594
585
570
568
563
554
547
547
558
572
595
648
657
656
646
644
636
619
604
593
576
558