634
621
583
551
523
503
510
522
600
656
704
751
791
807
780
753
701
651
626
624
658
704
722
726
725
672
609
610
627
609
612
621
629
641
665
715
747
762
765
776
744
711
709
704
697
687
654
647
647
631
586
561
561
622
668
681
680
679
688
657
638
626
609
625
640
642
628
607
585
583
567
571
568
604
677
683
658
628
601
575
551
526
530
545
625
744
779
769
752
672
610
579
617
673
687
696
660
639
616
617
601
592
611
642
727
741
745
733
712
668
646
655
654
648
644
626
622
641
640
629
665
660
657
653
654
628
609
593
585
599
597
603
600
585
575
554
532
520
508
502
508
547
665
812
762
815
843
867
844
760
684
597
547
533
548
585
640
742
808
883
854
856
854
853
769
748
714
699
692
646
664
647
638
660
701
727
704
649
602
584
578
595
624
679
738
741
730
711
683
650
604
583
540
528
507
507
502
499
505
505
534
572
595
593
617
624
620
662
624
604
583
561
551
540
532
528
520
518
510
501
489
489
490
506
518
519
521
546
588
620
609
560
557
560
577
546
534
549
574
579
581
576
568
557
535
519
502
497
493
488
504
539
564
561
584
610
606
561
544
541
556
563
545
527
514
500
497
497
509
520
523
511
500
498
496
499
508
515
516
504
495
490
476
479
472
476
478
480
479
479
492
532
544
533
532
524
515
505
487
482
476
475
471
488
496
493
493
498
494
497
495
493
487
480
476
477
476
479
481
484
481
482
469
466
466
474
487
497
503
497
512
521
509
494
484
482
480
487
491
496
494
482
479
475
474
475
484
488
481
473
467
464
467
465
460
457
452
451
449
453
465
473
482
483
475
484
492
497
489
482
479
480
480
473
467
464
456
458
461
466
470
468
471
467
462
467
463
469
468
465
464
458
455
457
458
455
454
452
455
453
460
467
466
464
464
473
483
477
470
464
459
460
457
460
469
471
482
477
474
470
462
457
454
457
460
461
460
462
470
494
512
515
525
541
546
538
524
501
490
481
478
479
484
492
484
485
482
478
476
464
460
456
449
452
454
466
467
466
462
475
492
528
576
532
515
498
503
502
501
500
503
508
520
515
507
490
480
475
472
467
467
466
465
472
472
467
467
473
489
520
542
541
528
510
494
488
478
464
458
453
450
450
452
460
466
456
457
458
461
460
462
473
478
493
490
480
477
477
490
496
507
496
488
488
491
502
498
504
499
504
498
485
478
470
463
460
460
462
463
468
473
473
473
459
461
467
462
461
454
451
446
447
444
445
445
453
467
471
494
516
535
557
585
587
589
564
536
514
502
486
477
464
457
453
449
447
447
463
482
489
488
510
531
571
558
516
498
495
489
481
476
476
479
474
469
464
459
463
464
474
480
484
485
483
502
516
506
502
499
504
501
501
491
482
479
470
482
482
487
477
478
470
468
465
464
470
482
488
493
490
487
485
481
497
503
492
485
483
485
481
476
467
461
461
459
462
469
481
486
467
458
456
455
462
469
472
464
455
457
455
455
454
450
455
453
457
463
465
465
463
460
456
452
463
475
487
492
480
478
472
471
465
451
446
445
441
447
452
464
465
462
459
480
492
492
489
479
477
485
491
500
490
478
476
474
473
466
459
456
456
458
458
458
445
443
435
437
440
444
462
469
468
454
458
458
465
479
511
521
514
500
491
491
494
489
476
466
462
464
464
461
461
460
463
468
471
463
461
458
462
467
464
462
458
461
467
475
474
470
460
455
460
459
461
462
465
463
457
459
459
458
455
448
446
444
446
461
471
477
479
488
499
495
494
487
485
485
478
470
462
459
457
449
445
443
439
438
438
428
424
423
419
415
416
414
417
419
419
419
424
421
419
416
411
411
413
407
406
412
414
408
408
410
405
406
409
403
405
408
404
405
409
405
412
409
407
410
409
406
410
410
408
411
421
421
424
423
418
416
418
414
417
418
416
419
421
421
425
427
428
436
440
441
445
438
441
439
429
426
425
420
419
416
410
416
419
413
414
414
411
409
417
418
420
424
424
425
425
421
418
417
415
415
412
411
414
423
416
422
431
433
443
447
451
445
438
437
441
432
438
438
438
446
446
440
438
430
429
426
425
425
429
427
430
431
423
420
422
416
416
421
419
419
420
419
418
420
419
421
417
421
420
417
418
421
414
419
420
419
422
422
415
419
412
410
411
411
411
410
406
406
409
405
402
403
400
399
405
401
401
411
410
421
417
423
432
447
448
460
454
442
442
440
436
444
438
436
434
426
424
421
419
422
414
415
415
415
418
418
415
422
426
423
423
431
427
430
432
428
430
437
425
429
428
423
424
424
421
422
422
418
419
420
421
420
419
417
423
426
419
422
421
415
419
415
418
421
419
420
427
421
428
426
423
424
423
418
418
423
426
426
423
428
426
416
424
421
417
420
418
420
422
423
424
427
426
430
427
418
416
418
413
409
407
414
413
407
409
415
412
411
412
408
408
409
403
403
406
402
405
405
399
400
401
395
396
393
396
399
396
393
394
396
396
400
399
397
404
402
407
409
407
404
409
406
406
410
410
406
408
403
405
407
405
404
405
396
406
405
399
404
396
396
401
401
396
396
400
399
399
400
393
396
397
394
398
398
395
396
396
396
398
400
395
395
397
400
396
398
391
393
394
396
391
396
386
393
396
393
395
395
390
396
399
393
396
395
387
393
393
390
388
390
385
393
394
393
392
394
386
394
396
394
395
394
391
399
397
394
396
397
396
398
395
390
393
396
393
396
394
393
396
398
396
396
398
395
397
391
399
397
394
389
390
386
389
389
385
387
386
385
384
388
383
391
389
387
388
391
393
390
392
390
389
390
391
394
389
392
387
388
389
386
390
387
386
385
389
388
390
392
390
385
389
388
386
392
391
387
390
391
391
395
391
390
390
394
391
392
391
385
390
391
390
391
391
384
389
390
393
388
392
386
388
392
394
388
392
387
389
393
393
390
394
396
396
400
399
395
397
400
396
399
392
396
397
396
391
394
390
392
395
394
387
391
388
389
395
390
388
389
394
391
389
395
387
392
391
390
394
393
391
393
395
393
396
395
393
393
394
392
392
395
387
391
392
388
388
390
389
389
392
394
390
392
393
392
391
389
390
387
389
385
388
385
382
383
383
383
380
386
385
384
387
385
385
389
390
390
387
391
388
391
392
388
385
392
391
387
390
391
389
393
393
393
394
396
396
399
401
396
397
402
394
397
392
391
396
393
396
391
395
396
395
397
398
396
396
395
390
390
393
391
393
391
392
388
393
395
394
396
395
390
392
392
396
396
396
396
395
396
400
396
399
396
393
398
398
395
395
394
388
393
395
391
393
392
386
393
392
392
389
393
392
391
394
391
394
396
394
395
396
389
396
396
394
395
395
390
393
394
391
394
397
394
393
393
393
394
394
396
387
399
398
397
396
403
397
397
404
396
396
395
396
396
397
392
398
396
390
387
392
388
390
387
389
386
385
383
382
385
388
384
388
385
384
390
391
391
393
396
398
400
402
401
399
397
397
396
400
395
397
396
396
396
397
398
398
398
399
400
405
405
405
406
404
404
403
405
403
400
400
404
405
414
419
433
445
448
446
446
443
453
454
456
461
453
448
443
436
441
443
439
440
438
437
441
441
440
439
443
446
438
439
441
440
434
426
421
418
415
412
415
409
407
407
410
409
417
426
437
438
434
435
438
449
442
440
438
438
446
441
445
442
445
448
449
454
456
452
446
439
438
440
442
446
445
455
465
471
472
488
493
486
480
482
485
479
472
467
474
474
473
465
470
476
480
480
479
469
469
466
461
462
465
475
475
465
458
448
452
461
483
483
480
479
497
500
488
468
455
448
437
438
437
433
438
437
440
442
442
439
435
441
449
451
454
473
477
476
482
491
511
510
499
495
506
498
492
480
480
472
466
454
452
455
466
474
472
468
464
469
476
479
479
472
459
466
466
472
477
474
469
466
472
497
514
514
502
496
498
506
523
527
512
496
479
471
469
477
506
529
521
514
522
566
563
577
571
591
555
551
542
554
532
529
520
504
493
491
505
513
526
531
517
513
508
513
510
510
515
530
524
523
524
537
542
539
523
507
491
483
485
485
489
488
506
526
534
556
562
567
557
534
511
501
502
496
489
480
477
473
482
490
493
486
483
478
478
476
482
483
485
484
480
479
477
476
473
476
467
472
464
466
469
477
482
482
479
482
487
496
501
503
500
495
492
495
493
489
479
477
473
479
490
498
498
497
487
493
496
499
504
495
486
479
475
475
473
482
497
512
517
510
505
495
491
491
494
501
504
510
511
508
502
499
495
489
485
478
475
468
463
461
461
476
500
516
533
528
530
527
525
530
535
536
521
506
500
496
497
499
499
497
497
497
496
493
480
477
470
466
461
460
465
475
497
503
501
498
502
513
522
515
511
509
516
524
518
511
503
500
503
503
499
496
492
495
491
494
489
486
480
472
470
466
462
462
461
455
457
453
458
466
472
474
474
469
472
476
485
484
482
479
476
472
472
468
470
477
476
476
471
467
464
463
458
459
475
493
521
537
542
533
535
525
513
500
494
492
499
494
493
488
483
482
487
493
510
521
532
523
522
521
516
515
512
504
497
486
477
477
473
475
478
476
472
470
473
474
474
479
487
498
500
500
498
491
483
483
481
485
481
475
472
472
475
479
495
509
534
547
535
535
530
539
539
540
521
516
509
510
515
517
512
511
503
498
501
507
513
505
506
502
509
517
526
515
512
528
539
553
557
548
543
524
509
497
493
493
510
524
532
552
595
695
582
612
587
584
576
570
536
529
518
518
519
521
521
521
523
519
518
507
502
498
495
505
513
511
506
504
507
513
518
506
501
499
500
505
503
503
498
500
500
498
495
486
487
488
493
495
503
503
513
517
506
508
503
502
492
491
484
485
490
493
500
505
503
503
500
496
484
484
479
478
479
487
492
498
499
490
491
493
488
477
473
470
467
467
469
468
468
467
471
485
500
505
498
510
515
512
507
498
494
498
501
494
490
483
488
484
487
485
481
478
476
471
476
479
485
489
491
483
479
476
475
475
476
480
479
479
488
489
495
498
492
487
478
477
476
474
467
470
465
466
469
477
482
482
479
479
478
479
482
489
484
477
473
469
465
468
470
476
482
479
469
473
473
476
478
476
473
466
462
464
461
467
471
470
471
476
480
485
489
489
495
496
504
509
514
511
498
487
480
469
459
455
452
448
453
452
453
454
469
488
528
549
527
501
500
494
492
493
488
493
490
491
487
483
478
479
472
475
475
476
479
477
474
476
475
494
510
530
534
521
524
529
538
532
519
508
510
508
500
493
485
479
481
479
477
479
480
487
489
494
500
507
510
504
494
497
493
495
489
480
481
474
474
478
483
488
489
485
483
476
471
464
459
453
449
448
451
455
474
523
567
651
611
588
545
517
506
504
499
498
498
496
487
478
477
476
483
491
490
487
487
483
483
481
479
477
479
480
477
474
476
475
467
464
458
454
453
453
453
453
453
461
479
481
479
481
488
506
508
498
490
494
511
510
512
509
520
518
507
497
500
505
502
496
497
509
511
512
518
548
549
535
526
532
542
531
528
531
543
536
529
525
541
542
545
549
585
582
587
572
569
553
531
548
548
547
542
534
522
507
499
499
514
569
619
635
670
693
669
671
667
626
619
607
580
571
546
539
536
556
563
575
612
610
595
599
587
566
556
538
528
524
516
504
501
503
504
506
523
581
632
638
689
653
604
587
574
576
566
563
558
566
563
563
569
625
726
674
689
688
658
605
584
569
560
550
533
524
521
533
554
577
644
640
642
609
579
561
544
529
518
508
500
495
496
511
546
618
694
702
702
605
582
559
554
529
521
527
655
632
628
608
609
568
561
550
548
568
562
544
533
528
538
548
536
532
532
549
594
607
610
573
555
536
539
538
537
529
522
538
545
607
650
684
717
711
709
669
607
563
536
517
516
517
510
509
498
501
489
489
490
495
498
500
501
491
484
482
479
476
470
470
470
469
467
472
470
469
464
462
457
450
448
438
442
441
442
441
438
440
439
443
445
453
452
459
449
451
453
454
460
459
465
456
455
453
446
444
440
442
438
439
435
437
434
432
429
429
431
430
427
423
424
420
420
410
411
410
410
403
402
403
401
398
400
398
397
404
403
404
401
409
406
409
411
412
413
414
412
413
412
414
408
409
407
412
410
408
404
409
402
405
401
406
404
405
401
407
403
402
401
408
402
396
398
403
399
399
396
396
400
400
400
398
397
399
400
400
399
395
402
395
396
393
390
390
394
389
390
387
388
380
382
387
378
378
377
380
375
373
374
368
366
369
371
369
366
367
372
370
365
369
370
367
372
367
369
368
369
370
366
369
367
362
367
369
370
369
362
368
365
370
369
367
368
367
362
364
367
366
370
364
363
364
363
366
365
357
364
363
363
369
364
360
364
361
362
367
365
363
363
357
361
358
359
363
363
359
360
356
355
360
358
356
357
357
356
358
358
356
357
356
354
359
360
359
360
358
362
722
358
363
364
360
358
366
357
362
362
361
361
359
364
364
363
363
365
362
363
366
362
366
365
367
365
367
363
363
367
366
364
366
368
362
365
361
366
365
363
365
360
364
358
363
360
359
362
361
362
357
358
360
360
358
362
360
358
358
359
358
360
357
359
354
355
354
357
357
359
358
354
355
358
354
359
358
355
355
357
359
356
359
362
356
362
360
363
364
363
367
362
361
368
361
361
369
364
365
359
364
362
362
366
368
363
362
367
367
367
369
363
362
366
376
365
366
362
373
367
363
366
362
364
367
366
365
364
372
365
367
367
369
364
372
370
368
374
374
374
370
380
368
377
371
378
372
376
373
370
375
375
371
372
371
377
375
371
376
372
377
370
374
370
378
376
377
373
375
372
377
375
375
376
373
375
376
373
376
375
377
368
380
371
367
377
375
369
373
370
366
369
366
371
374
369
374
372
370
377
370
375
368
374
374
367
378
367
377
373
374
374
377
374
375
376
376
376
373
378
372
377
381
374
379
377
376
385
379
381
380
373
381
387
376
381
377
388
367
375
380
381
371
374
372
366
374
364
363
366
366
366
364
373
363
370
369
372
372
371
372
370
374
367
371
369
373
378
374
375
372
371
377
378
376
377
372
379
373
380
372
376
377
378
375
379
371
382
378
373
377
375
370
379
376
373
374
369
374
371
375
368
371
370
364
366
372
366
364
358
367
365
362
365
360
362
366
360
371
362
360
372
370
363
369
365
365
374
370
368
364
366
375
369
369
372
363
376
375
366
369
366
364
371
367
370
365
370
367
368
367
369
369
371
369
369
367
365
375
364
377
367
365
366
366
366
371
372
370
361
373
371
367
366
368
359
367
361
371
364
367
361
360
365
365
361
366
375
371
367
375
368
372
369
370
374
376
369
374
365
369
374
376
371
369
376
364
377
368
377
373
377
369
374
382
379
373
381
376
381
388
382
380
379
378
378
378
378
378
375
376
374
370
367
370
369
369
372
370
372
369
363
367
375
370
376
368
374
381
382
371
383
377
379
379
379
379
378
372
375
379
375
373
379
377
381
372
380
373
379
379
380
376
384
380
381
381
379
387
374
371
375
375
373
383
368
373
382
377
376
380
381
379
385
381
387
380
382
376
382
382
376
379
375
370
375
371
379
374
368
365
372
371
366
371
378
369
368
371
364
365
362
361
364
367
358
357
356
358
364
359
355
357
354
356
362
358
354
356
354
355
357
360
357
354
354
356
356
360
354
349
359
350
354
357
353
352
350
352
354
358
350
351
355
355
354
350
351
349
350
355
342
351
353
353
348
347
347
352
348
349
341
348
341
346
349
344
342
344
345
346
345
345
346
340
349
338
342
345
345
347
345
341
345
343
350
347
343
345
341
345
340
342
345
348
346
346
343
344
347
344
340
344
336
339
338
339
339
338
340
337
1010
335
338
333
332
332
334
331
332
331
334
333
332
334
337
341
335
339
338
336
335
338
338
340
340
340
339
337
336
338
342
342
337
336
339
338
337
339
334
335
336
336
338
339
332
334
335
332
335
334
337
335
334
331
332
334
331
335
330
333
329
333
331
330
328
329
329
329
332
332
326
335
325
330
331
330
331
326
327
330
327
330
326
329
328
328
322
661
325
332
324
337
326
331
333
334
329
338
328
331
333
336
334
335
334
338
340
340
334
341
336
338
341
340
347
345
345
348
341
349
346
348
352
351
354
348
353
347
354
354
356
355
357
358
358
354
360
362
363
370
372
373
374
373
372
373
377
375
377
372
374
377
375
377
378
370
389
373
377
381
376
391
379
382
384
384
390
380
382
385
380
380
380
373
378
376
381
382
383
378
380
394
385
388
386
390
387
387
388
386
383
385
384
383
386
387
384
389
390
388
391
391
391
391
398
394
398
403
398
396
396
399
393
396
399
394
403
392
397
399
396
393
401
396
396
396
396
406
399
411
406
421
404
416
410
420
416
415
421
415
413
411
409
411
403
413
406
398
400
403
413
407
412
414
416
416
422
408
413
408
414
409
406
405
410
414
415
412
417
414
427
416
422
413
422
416
415
420
411
424
409
411
422
413
413
416
410
416
416
414
409
414
411
404
401
402
403
404
405
407
395
404
407
406
405
405
406
403
412
408
408
414
416
411
427
407
414
410
407
413
409
402
406
411
406
406
409
410
413
410
415
410
411
412
416
416
421
424
427
426
426
426
428
427
427
427
422
432
430
434
432
437
436
434
431
431
427
420
421
413
416
420
414
414
421
414
414
414
413
413
419
418
421
429
432
433
434
438
441
444
440
449
445
446
443
439
436
438
438
435
434
431
434
432
431
438
438
446
452
442
443
443
440
438
439
440
439
438
436
434
429
425
428
429
428
432
431
428
430
430
436
440
448
449
442
438
440
445
441
447
448
447
447
446
444
441
438
438
432
429
429
431
430
437
442
443
443
443
445
445
450
445
443
442
441
438
440
439
442
448
448
450
455
466
475
477
476
481
484
490
489
488
489
485
487
483
479
475
470
470
467
471
472
479
475
473
472
467
462
452
451
451
445
450
444
438
442
439
441
446
455
463
464
464
465
473
470
468
465
465
465
464
457
451
449
447
448
453
459
464
466
477
486
492
488
493
496
500
498
492
481
481
482
481
479
479
474
475
481
475
472
469
469
469
465
464
463
462
460
460
464
463
464
460
460
462
459
455
453
448
444
446
445
445
445
449
449
463
472
471
468
464
471
479
486
488
505
507
513
504
503
494
489
484
482
486
486
484
482
478
473
471
469
475
479
484
484
481
479
475
478
479
483
483
485
483
481
488
497
521
576
602
563
526
516
514
509
513
526
521
515
505
495
495
491
484
478
474
471
470
472
482
495
513
517
516
516
531
557
575
586
578
563
540
522
511
501
489
483
480
485
483
482
482
490
521
574
561
556
550
567
579
604
587
542
516
508
505
493
493
498
500
493
497
494
488
495
491
483
477
473
475
471
464
462
466
467
471
476
479
479
479
481
479
481
484
490
495
499
503
505
511
504
505
499
502
511
523
543
563
561
549
535
540
547
544
541
534
526
516
509
504
513
537
591
682
680
655
614
585
575
574
585
581
575
566
549
542
529
530
540
573
606
600
593
592
604
617
605
587
574
566
564
564
565
566
560
548
541
538
543
544
544
552
555
556
554
541
538
530
528
518
516
516
517
520
529
547
551
555
566
575
571
565
563
560
549
538
538
537
540
540
531
529
524
522
530
541
564
596
604
588
585
578
574
559
545
536
533
531
529
526
522
521
515
514
512
521
550
598
673
652
649
594
592
580
571
562
553
553
555
553
545
541
536
531
522
518
514
519
532
539
559
564
589
622
602
600
587
577
570
556
551
544
534
524
523
518
510
504
499
492
485
481
485
486
497
496
516
559
597
599
572
554
539
544
545
534
528
525
523
532
534
537
534
554
560
543
541
536
536
525
538
536
541
537
534
533
537
530
520
516
513
524
560
553
551
546
537
541
542
537
546
531
527
517
511
508
509
508
508
524
548
577
596
623
651
632
615
608
604
579
567
555
531
531
528
526
529
523
522
529
525
518
515
516
515
502
504
501
502
502
503
504
507
521
529
529
528
520
521
513
507
504
496
492
489
491
497
508
526
558
647
725
668
614
587
597
588
576
560
547
534
522
514
509
508
506
506
503
505
510
509
525
537
533
521
510
508
499
500
500
501
499
513
526
536
538
572
580
586
581
579
549
546
544
531
518
520
508
503
503
497
497
491
501
517
544
585
677
695
692
628
588
564
569
561
549
545
525
521
513
508
499
498
492
489
486
487
503
530
535
552
602
614
610
614
604
562
548
537
527
522
516
515
512
504
494
490
493
486
499
517
537
560
579
585
563
551
547
556
554
548
543
539
543
546
530
525
522
516
508
503
500
510
517
521
519
516
516
511
509
504
497
495
494
495
487
484
484
483
477
477
472
479
492
504
516
518
552
575
595
583
575
556
543
532
520
512
503
495
498
513
563
653
610
576
560
545
549
536
519
519
503
501
486
490
487
489
486
485
480
479
485
502
515
520
536
530
552
545
531
552
555
555
541
528
515
506
494
492
486
495
512
549
579
597
628
597
560
543
540
538
535
531
521
509
508
498
502
512
541
595
631
615
578
563
546
538
533
525
523
520
517
509
503
496
490
489
485
496
499
529
584
722
746
705
646
619
605
594
565
554
547
533
524
518
509
516
511
509
509
515
541
568
605
598
588
563
533
528
507
499
489
488
498
514
521
533
578
607
645
593
567
558
555
556
554
555
544
535
517
512
506
500
495
481
477
490
527
667
700
710
834
862
941
980
894
845
833
785
744
657
635
638
623
595
576
574
578
602
610
613
608
589
572
594
623
625
654
646
657
626
593
579
585
608
614
634
649
630
613
606
596
602
620
628
601
615
598
590
574
563
554
549
556
552
554
563
575
575
572
572
574
584
596
594
598
594
577
552
546
530
520
521
521
546
582
620
640
628
596
575
571
559
554
545
535
536
535
531
521
523
521
520
526
544
571
589
570
575
557
548
545
537
529
523
514
508
506
505
501
504
502
516
544
581
587
571
550
539
535
546
553
541
534
532
530
521
520
522
539
547
563
567
568
575
579
593
596
587
576
552
541
530
529
537
563
712
756
753
709
654
627
666
680
660
659
664
644
647
621
599
577
563
549
536
525
524
533
555
631
709
756
761
737
763
747
699
640
598
560
537
533
528
529
545
592
727
719
777
696
670
643
612
606
601
595
583
574
561
557
548
543
541
556
565
593
612
656
677
675
669
646
623
614
596
583
572
568
570
591
628
623
623
678
772
796
745
681
677
645
645
652
660
654
665
659
620
603
590
580
572
574
568
591
637
657
633
652
635
640
616
613
603
604
605
589
595
586
605
622
618
623
619
621
617
628
609
608
636
641
619
599
586
581
579
573
563
568
563
594
651
675
683
690
650
616
596
577
571
561
552
555
554
581
713
749
722
740
732
775
710
627
629
625
607
593
578
561
559
570
585
642
729
754
755
704
690
673
649
652
642
612
611
605
606
617
625
675
674