808
790
803
813
799
763
698
662
654
695
738
763
758
733
691
648
620
608
589
577
563
552
551
560
589
638
634
747
757
766
736
739
736
729
734
726
714
697
669
666
656
667
688
701
651
649
613
598
602
613
642
676
742
715
674
673
653
675
656
668
650
659
652
636
623
615
600
585
573
569
567
572
580
582
578
581
596
593
596
596
603
617
639
645
663
654
674
714
693
692
674
662
650
639
654
631
632
618
621
631
621
616
601
604
597
594
594
585
563
555
567
588
680
826
847
875
891
833
751
701
681
646
643
634
640
708
834
897
890
885
920
871
778
732
702
676
662
662
675
678
664
656
648
682
786
771
781
755
722
672
655
650
644
649
656
656
670
698
791
774
760
729
710
710
688
678
665
622
600
595
620
707
756
748
751
861
904
929
821
668
621
616
616
643
742
708
682
667
626
625
608
599
585
587
579
568
570
569
569
571
563
556
548
555
563
578
604
609
604
582
585
573
574
571
561
553
550
550
554
565
561
552
540
540
542
542
552
558
547
541
543
547
555
563
570
563
554
555
560
559
563
563
552
553
555
560
563
562
542
543
541
547
553
557
557
545
549
550
565
582
598
588
565
563
559
559
549
549
538
533
529
522
516
510
513
521
533
563
585
630
606
595
582
594
602
607
612
598
595
599
571
564
555
557
565
569
567
558
548
538
539
541
543
550
552
550
538
537
536
544
559
567
563
551
557
554
561
544
549
546
545
545
542
539
552
551
557
569
568
563
556
559
555
550
561
556
543
544
553
565
596
619
614
596
573
565
558
581
619
608
582
582
559
550
537
524
533
524
531
550
574
574
634
661
693
604
607
595
598
597
569
559
551
552
562
577
600
585
576
591
599
617
597
584
577
582
585
586
574
557
560
563
567
579
585
588
579
581
573
562
554
550
552
559
566
558
547
548
547
554
551
540
549
557
570
592
556
571
575
597
600
573
568
564
570
577
572
563
556
559
561
570
577
575
563
566
571
564
555
543
549
542
535
526
526
531
552
565
598
588
580
579
568
564
564
557
560
567
566
558
557
558
557
559
560
555
551
550
540
548
548
548
550
549
540
543
547
553
559
550
559
563
571
579
573
568
556
547
541
544
548
555
554
551
550
547
551
558
566
575
573
569
576
563
551
551
545
543
546
542
537
531
531
531
537
552
557
634
650
598
579
563
558
553
554
559
568
578
579
566
552
550
550
544
535
522
519
515
516
516
519
524
526
536
543
545
539
540
553
560
574
573
558
560
562
564
576
561
561
576
586
587
588
592
580
566
560
556
553
563
566
563
561
572
574
592
593
592
576
563
554
548
554
549
564
563
570
568
553
559
556
556
552
551
536
545
543
542
546
539
535
526
527
539
537
557
564
554
551
555
544
555
559
563
564
549
559
564
568
560
563
569
566
561
549
550
567
580
569
577
573
570
562
554
542
545
548
551
550
541
540
540
533
528
531
534
536
527
522
515
513
517
528
569
709
720
706
638
587
576
558
542
539
532
523
517
518
516
516
522
520
522
538
543
560
562
556
542
533
525
524
526
520
523
532
530
525
529
534
546
561
579
564
575
602
659
645
642
627
608
596
597
582
581
562
550
544
546
566
587
571
584
613
625
660
600
634
612
622
592
595
582
564
565
563
558
541
535
527
516
515
518
523
518
513
515
517
515
507
513
513
501
514
501
502
507
513
513
513
516
514
506
511
508
507
496
491
489
487
489
489
493
490
497
499
506
515
510
512
517
523
524
521
521
529
533
537
534
538
543
537
527
530
527
524
517
508
499
499
497
493
498
500
493
490
493
497
504
495
510
517
533
523
527
523
514
521
516
509
516
513
520
512
507
512
508
508
508
506
504
502
490
494
490
490
480
472
475
466
469
470
470
468
469
467
470
473
481
494
501
499
505
506
513
516
518
515
507
512
513
516
512
502
501
501
501
497
491
493
496
499
497
502
507
500
506
512
513
505
500
502
502
503
497
495
499
502
502
503
502
500
500
498
492
485
488
484
484
490
495
493
499
503
508
508
513
504
498
490
484
489
496
498
500
498
492
496
499
502
504
493
491
494
494
496
493
492
498
501
501
489
499
502
503
501
501
504
498
489
480
482
479
481
472
474
475
472
469
472
474
479
475
475
470
475
488
495
493
494
493
487
485
488
486
487
485
489
492
496
492
492
493
494
504
503
508
502
501
505
501
493
497
501
501
498
496
497
498
498
492
490
494
496
495
484
481
483
483
480
472
470
473
474
477
476
476
479
487
492
490
494
498
503
496
495
499
504
501
494
491
484
482
482
484
479
476
476
474
476
478
486
495
499
501
498
500
504
508
509
502
498
499
498
500
497
489
493
495
498
495
489
485
489
488
488
481
483
487
489
485
481
486
490
485
483
486
486
488
483
476
474
476
478
475
474
471
469
470
473
468
467
470
474
478
477
480
484
488
499
487
494
485
494
492
487
494
493
482
491
483
482
483
484
477
473
475
476
475
472
470
472
476
477
474
473
480
484
485
485
479
482
482
478
475
473
476
481
478
476
483
483
483
493
495
492
500
505
505
500
504
507
498
500
501
492
490
493
489
484
487
485
481
480
484
482
479
486
483
480
481
484
487
481
489
486
486
485
488
490
480
485
480
472
463
468
468
464
464
470
467
470
477
474
477
482
485
484
493
497
497
504
498
492
491
488
486
480
472
475
474
470
468
472
477
479
475
484
483
479
476
471
476
474
465
473
471
466
468
470
472
470
477
482
484
484
485
493
489
480
481
482
480
476
471
468
468
482
488
483
479
478
477
479
483
482
476
477
477
472
470
472
475
479
478
479
479
479
481
485
481
477
479
481
472
479
481
481
483
481
481
479
470
476
467
469
470
463
464
466
469
466
462
470
464
468
472
473
470
473
463
468
464
463
469
468
464
467
470
468
471
469
472
472
468
475
479
473
479
482
482
481
484
485
477
477
475
471
468
463
459
459
455
460
467
468
472
473
470
466
467
469
477
479
481
478
482
486
484
476
480
488
486
488
483
486
489
493
496
499
500
504
507
504
501
495
497
500
504
510
511
512
522
528
528
532
528
534
529
534
534
535
535
533
524
523
526
518
521
531
540
548
549
554
558
572
577
576
563
561
557
547
545
540
539
540
543
535
535
531
530
531
537
543
549
549
555
551
538
530
522
521
521
531
548
579
587
604
600
623
711
681
637
623
601
577
568
559
567
566
575
612
633
637
618
604
585
577
566
552
545
539
538
541
543
561
578
575
574
567
576
573
568
564
559
552
544
546
551
565
571
592
612
609
601
590
583
573
579
571
564
560
549
543
543
543
539
542
553
569
596
627
664
651
627
625
616
614
608
601
591
579
576
580
581
590
589
591
600
606
602
591
592
593
591
580
578
589
589
563
548
545
541
547
553
554
547
538
528
521
512
507
509
520
587
696
723
828
856
842
770
737
712
677
646
637
637
673
663
642
622
611
608
615
609
609
565
561
525
520
506
505
502
501
499
499
498
498
499
496
496
493
489
490
488
489
490
490
487
486
488
492
492
492
491
492
491
493
486
485
480
481
481
484
483
487
482
486
490
492
492
490
490
491
496
497
502
500
496
495
497
497
502
501
501
500
488
484
481
483
482
489
486
485
487
487
491
497
513
525
535
525
521
524
524
529
527
533
521
519
513
514
508
509
506
497
498
493
503
516
512
515
512
512
509
508
503
501
497
497
494
489
488
482
484
483
489
491
486
491
492
501
508
519
526
524
518
520
525
524
526
521
520
521
521
520
517
516
507
503
501
501
503
499
499
495
486
486
484
487
491
488
492
496
501
501
499
507
515
518
515
518
521
521
513
523
519
515
515
512
510
507
503
494
496
495
497
492
497
501
499
500
506
505
506
503
499
502
503
504
503
500
492
492
496
487
493
491
495
497
494
494
497
501
499
505
508
509
517
516
517
511
512
509
502
503
497
491
493
494
492
492
490
492
498
500
509
508
505
505
508
508
512
513
507
501
499
497
501
504
497
497
496
498
496
495
502
507
502
510
511
516
517
517
509
506
506
504
496
486
489
486
492
498
494
495
502
527
564
560
552
570
578
563
560
554
557
541
543
539
540
533
522
529
528
524
525
524
530
519
524
525
523
517
522
526
518
519
521
521
514
507
514
517
515
518
519
517
521
523
516
520
518
513
509
511
513
512
514
519
522
519
514
514
510
510
507
513
515
509
517
520
520
519
530
538
538
534
542
541
535
544
543
541
534
534
527
513
517
512
511
505
516
517
517
514
522
528
529
529
535
541
529
532
534
531
524
531
526
519
521
521
517
508
514
509
506
505
506
510
510
511
501
511
512
520
516
517
517
519
521
511
506
502
495
493
495
492
494
495
494
495
493
484
488
485
484
484
477
481
486
487
484
498
506
505
513
507
504
512
507
509
510
515
507
507
502
501
500
499
491
487
493
494
495
491
498
502
503
507
511
518
519
515
521
521
514
512
510
508
510
504
498
498
500
496
489
499
504
512
510
525
538
545
555
534
546
545
533
537
535
535
522
523
520
517
511
507
512
516
517
512
503
509
511
508
504
510
513
503
512
513
503
509
510
512
507
508
512
503
503
509
512
507
512
511
508
507
511
510
508
508
501
502
496
492
490
486
483
488
488
490
491
485
491
496
503
507
503
509
512
516
518
516
509
506
501
516
522
516
514
510
505
489
485
486
486
486
490
493
490
483
486
495
505
517
515
510
517
516
516
504
512
504
505
505
501
500
496
497
495
487
485
487
488
490
488
483
484
485
492
498
492
494
504
508
514
508
507
508
513
516
516
508
502
502
502
501
503
504
504
498
499
501
503
497
493
493
494
496
495
498
504
508
511
511
505
501
495
492
486
484
480
474
478
481
473
489
506
496
501
500
504
506
502
512
517
515
522
523
522
524
527
531
525
530
532
572
565
575
568
569
564
563
570
572
564
560
563
555
550
544
542
537
532
531
532
554
573
598
579
579
580
585
581
574
564
562
555
540
525
521
519
529
553
593
623
603
586
574
567
563
557
549
544
531
526
518
511
508
519
560
649
650
709
776
804
762
733
782
784
761
729
710
715
694
664
634
609
603
582
577
570
573
578
585
570
572
571
563
562
560
560
578
592
613
603
604
589
585
586
587
584
582
568
566
563
570
590
571
565
581
594
600
606
606
605
605
607
616
604
595
591
593
593
585
583
580
588
579
575
581
579
581
573
565
551
545
538
531
526
531
537
554
563
583
600
579
586
572
585
574
586
586
602
608
605
588
566
560
557
552
549
551
561
556
541
553
556
590
560
557
519
506
503
498
494
492
492
493
491
489
492
490
488
487
481
477
474
470
466
462
458
454
447
445
444
438
435
434
429
430
426
422
419
419
419
417
417
414
413
414
410
409
410
411
407
403
403
406
405
403
401
399
401
402
398
397
400
400
397
398
398
397
398
396
393
393
395
395
396
396
395
399
399
396
393
395
392
390
391
388
391
392
392
394
392
392
392
392
391
389
386
389
391
388
386
385
389
389
384
384
385
387
386
383
379
385
383
378
382
383
378
378
377
380
379
374
372
374
374
378
372
371
372
375
371
368
368
368
370
367
365
365
368
365
362
365
367
367
362
364
365
367
363
363
361
364
363
363
360
361
364
364
363
360
361
363
364
365
363
362
362
365
365
365
362
361
364
365
368
362
363
363
365
365
367
367
364
364
362
366
368
368
367
364
364
367
368
367
365
363
363
366
365
364
362
362
361
366
366
361
363
362
367
367
362
363
362
364
366
362
360
361
359
364
363
360
359
358
358
362
361
363
362
359
361
363
364
360
361
361
362
364
365
361
361
361
364
364
363
361
362
361
362
364
364
360
362
367
365
361
366
367
363
362
361
363
363
365
361
361
360
362
363
362
356
361
360
362
359
357
358
360
361
354
359
359
358
360
360
355
357
358
359
358
355
357
359
361
359
357
358
361
362
360
357
359
359
360
360
355
358
359
360
358
356
358
358
356
361
364
365
365
366
363
364
367
366
364
361
360
363
365
363
361
359
361
364
364
357
360
362
364
359
363
364
361
362
365
366
362
362
364
366
368
366
361
367
368
365
366
363
366
367
366
362
365
364
366
367
366
365
363
363
366
366
366
368
369
364
366
364
368
370
370
365
369
370
373
374
372
369
375
377
377
374
374
378
380
381
375
377
377
381
381
378
375
380
380
380
378
377
378
381
380
375
376
377
380
381
376
378
380
382
381
376
377
380
380
380
374
378
377
379
379
373
377
379
377
376
373
375
375
376
376
372
372
374
375
375
373
369
375
374
375
373
371
373
375
374
372
370
373
374
372
369
367
370
370
371
366
366
368
370
369
370
370
372
371
367
368
371
372
370
370
369
372
373
372
368
372
371
370
368
369
374
373
371
368
372
375
376
369
374
377
378
370
379
377
375
372
370
371
371
373
373
374
369
368
368
371
370
370
369
366
367
366
366
368
367
369
366
362
365
365
363
369
368
367
368
366
370
372
370
370
368
368
372
372
373
372
370
373
372
373
375
376
374
377
371
376
376
372
376
377
371
373
374
374
374
371
369
371
371
371
372
372
370
368
365
367
367
368
369
369
364
367
367
369
371
371
370
371
367
371
370
370
373
371
372
369
367
370
371
370
370
365
364
366
364
363
369
372
370
373
374
369
377
376
375
377
375
370
374
373
375
375
369
371
372
374
373
373
372
369
370
371
372
370
372
366
370
368
370
371
366
367
369
370
372
366
367
370
372
367
367
369
372
369
364
369
369
367
365
366
370
370
367
366
367
369
371
368
365
371
373
369
368
371
373
375
369
371
372
375
371
369
371
373
368
366
370
369
367
363
366
367
368
368
366
366
369
367
368
368
365
366
370
365
363
368
368
360
368
368
361
362
366
360
363
364
365
367
362
363
367
368
365
365
366
368
370
364
367
372
372
366
369
371
372
371
368
367
369
370
366
365
365
366
366
363
365
365
366
367
367
366
364
364
366
366
364
364
367
364
363
366
365
367
366
367
367
363
367
365
361
365
364
360
362
364
361
364
364
358
362
363
363
363
359
361
363
363
360
359
359
359
359
357
355
353
354
354
354
349
351
351
351
350
347
349
350
341
347
343
343
344
343
339
343
341
337
340
336
337
336
334
334
332
336
333
332
333
330
331
329
331
328
332
331
327
329
328
326
326
329
326
324
328
327
322
326
321
321
326
322
319
321
319
320
320
318
318
322
317
316
317
316
315
318
316
317
314
315
315
314
314
316
313
313
313
315
312
316
313
311
311
313
311
313
313
309
314
313
311
312
312
309
313
313
307
313
310
313
311
312
310
313
311
308
312
313
310
309
313
312
307
313
310
308
310
308
311
311
307
311
310
305
310
311
306
309
311
309
307
307
310
307
308
310
307
309
308
311
308
307
310
309
307
311
310
307
308
309
312
304
310
311
307
308
309
309
308
309
310
309
308
308
310
308
307
308
310
303
311
309
306
308
309
307
307
304
306
306
304
307
303
308
309
308
307
307
311
308
310
311
311
311
315
314
310
314
314
314
314
314
315
316
318
316
319
318
319
318
321
323
319
322
323
326
323
324
330
328
326
328
327
331
330
327
330
332
331
331
330
334
333
337
334
338
337
336
334
334
335
335
332
336
336
334
337
338
336
336
337
338
339
336
343
341
342
338
342
341
346
342
341
345
344
343
344
346
346
344
347
343
347
349
347
344
345
348
346
347
349
347
352
349
353
351
351
354
350
350
351
354
353
354
355
352
353
354
355
355
352
356
354
352
355
354
354
355
354
353
358
356
353
355
355
355
355
354
354
354
354
356
354
358
355
357
360
359
359
360
357
359
358
360
359
359
361
361
360
358
361
361
363
362
362
363
362
363
364
365
364
361
365
365
364
366
365
366
364
368
365
367
367
369
366
367
369
369
368
369
369
372
372
369
370
373
371
374
376
375
376
378
378
380
379
380
378
377
376
377
375
375
378
373
376
378
380
381
382
380
386
386
386
386
386
386
389
387
388
389
389
389
394
394
394
394
394
396
395
391
395
394
396
392
398
396
396
395
396
397
392
397
396
392
396
395
397
396
399
399
398
398
397
396
397
396
391
390
390
391
391
392
395
396
398
396
400
401
403
404
404
404
406
402
401
400
400
398
396
399
396
397
400
403
401
404
409
406
402
401
404
404
410
408
412
409
408
408
408
405
405
402
404
404
403
402
401
403
402
404
405
401
404
404
405
406
404
405
408
404
404
406
406
408
406
405
409
409
411
413
413
414
414
416
413
417
417
413
414
414
416
416
416
420
417
420
421
423
418
422
425
426
423
430
432
431
431
433
438
427
427
429
428
429
425
436
439
439
440
444
452
450
447
448
448
451
451
447
445
447
450
449
451
456
460
460
463
467
470
469
470
474
477
471
478
479
475
479
480
477
479
480
477
481
482
479
481
481
476
479
481
480
479
479
482
482
480
485
484
485
486
484
487
486
482
486
485
483
486
489
490
491
486
489
489
486
480
484
479
480
481
483
480
484
489
487
491
489
494
490
490
493
497
495
493
495
497
498
491
496
499
499
499
499
499
493
492
494
491
488
493
489
491
495
498
500
503
506
502
505
502
495
497
496
492
491
492
492
493
494
493
494
484
486
484
483
483
485
486
490
495
498
502
504
503
500
499
496
492
491
489
484
483
482
480
482
484
485
487
489
489
490
481
479
485
486
486
482
486
489
493
489
496
500
501
501
506
509
505
510
513
515
508
512
512
512
505
510
511
513
513
508
510
514
515
511
516
521
521
519
521
522
520
518
521
521
518
521
521
514
511
510
508
510
508
506
509
508
508
504
503
507
506
503
506
509
510
507
510
509
506
511
515
514
518
522
525
524
529
531
526
528
530
529
527
525
529
529
526
526
528
529
526
532
534
531
537
536
540
543
537
539
540
535
536
533
531
533
529
530
533
535
532
538
541
540
542
543
541
538
540
538
536
537
534
529
534
535
534
536
541
542
536
541
539
536
535
523
524
523
522
521
522
525
527
525
529
533
534
532
536
539
539
538
541
543
541
537
540
541
534
536
537
530
528
530
533
531
534
536
534
535
539
538
532
532
535
536
531
532
531
532
531
533
535
537
539
537
535
537
536
536
537
525
530
528
524
525
525
530
529
524
528
530
533
534
529
533
536
529
535
536
533
535
538
540
537
539
542
542
535
540
541
541
536
538
540
541
535
540
543
542
539
541
542
535
536
538
540
538
537
542
545
541
540
543
543
542
537
544
542
537
539
541
540
538
542
544
539
542
542
542
537
535
535
535
535
536
534
529
531
530
527
523
523
526
526
525
524
529
532
531
536
539
541
539
541
542
536
538
538
537
534
535
537
538
530
535
536
533
535
538
540
542
545
547
548
544
547
547
549
548
545
534
537
536
536
537
531
534
537
538
540
541
535
534
537
535
535
538
538
541
543
539
533
534
535
531
531
534
539
538
542
547
553
558
555
562
564
561
563
563
559
555
554
548
544
543
540
535
536
539
546
546
545
546
544
539
539
540
537
528
530
530
525
527
525
526
525
526
525
526
526
525
523
521
519
514
505
507
507
506
508
509
513
514
516
512
515
517
521
520
521
521
519
521
518
521
523
521
526
530
529
531
530
521
520
517
512
507
507
500
494
492
493
489
489
488
486
486
485
485
486
484
485
485
484
484
482
481
480
479
478
478
477
477
476
475
477
474
476
476
475
476
477
475
475
477
477
475
474
475
476
477
477
477
479
480
480
481
480
482
481
481
482
481
481
480
479
479
477
476
473
472
471
470
469
467
468
467
465
465
464
464
465
464
466
468
469
471
473
475
477
478
479
479
477
475
474
474
471
470
469
468
469
470
468
468
468
469
469
470
471
473
472
475
474
474
473
473
471
473
471
469
470
470
472
472
476
477
479
481
481
481
480
480
480
479
477
477
477
475
474
474
472
475
475
477
478
482
489
494
508
520
522
523
524
524
522
520
518
516
513
509
506
506
503
501
500
501
500
500
501
502
501
500
502
502
503
501
502
502
502
501
503
502
503
504
506
507
508
510
511
513
512
514
513
511
510
508
506
506
505
506
506
506
506
506
507
508
509
508
509
507
506
503
502
499
497
495
496
494
494
495
494
495
494
493
492
491
488
489
487
488
487
487
486
483
483
482
481
481
481
481
480
479
478
477
475
475
473
473
471
472
472
472
474
475
478
479
479
479
479
480
484
486
488
489
491
495
495
495
496
496
495
492
487
484
483
480
479
476
473
472
469
468
468
468
469
473
475
483
489
495
501
505
508
507
509
509
508
505
503
500
498
495
492
492
489
488
488
488
488
490
492
495
498
501
505
508
509
509
510
507
506
504
501
498
498
496
494
494
495
496
496
497
499
500
500
500
496
497
499
498
495
496
493
493
490
490
489
485
483
480
479
480
481
479
479
479
479
478
476
475
472
472
470
469
469
468
468
470
474
481
492
509
521
522
518
514
511
510
508
504
500
494
491
489
487
486
487
488
487
489
490
491
493
496
499
501
503
505
504
502
502
500
497
496
496
495
496
497
499
501
504
506
507
509
510
507
509
506
502
497
493
490
487
483
480
478
474
471
469
464
458
464
498
1011
751
654
579
561
546
533
526
521
519
511
502
493
489
486
483
481
479
480
479
477
476
476
474
472
470
467
464
462
459
456
455
454
451
451
450
448
448
449
448
450
449
451
452
455
459
462
468
473
478
479
482
484
487
485
485
486
485
483
483
483
483
482
481
481
480
480
479
484
485
486
488
488
489
491
494
497
501
503
505
507
505
503
500
499
496
496
493
492
491
491
490
491
491
491
490
489
489
487
488
487
485
487
486
485
484
484
486
487
487
490
489
488
489
491
492
494
495
496
496
493
491
487
484
482
479
476
474
465
462
461
465
463
465
477
505
631
819
696
586
579
554
542
521
518
516
516
513
511
512
515
518
520
523
517
527
531
537
537
544
551
555
553
553
554
549
553
552
550
552
553
551
540
537
530
527
529
532
534
534
536
538
540
541
539
533
534
528
529
531
533
535
540
547
553
563
566
571
571
572
569
568
565
567
567
563
564
560
553
555
552
550
557
559
557
560
560
556
556
556
555
554
551
554
553
555
557
557
563
564
568
563
567
568
569
564
559
555
548
537
527
525
525
525
527
528
536
540
539
542
544
543
548
545
547
545
536
526
524
521
517
514
511
517
531
565
605
872
744
728
624
596
577
570
563
559
551
546
546
545
539
538
538
536
536
546
551
547
542
540
540
536
533
533
533
533
532
528
525
521
519
515
511
509
506
503
504
504
505
503
506
506
509
512
518
523
530
536
539
535
533
530
527
523
520
521
518
519
521
523
526
529
532
536
534
535
531
532
532
534
534
532
530
526
528
527
528
527
529
531
533
535
533
538
539
536
537
536
532
531
526
523
521
518
523
532
542
549
550
555
556
554
558
561
558
556
552
551
542
537
535
533
532
531
536
537
541
545
555
563
566
560
564
566
565
567
566
564
560
550
550
548
545
549
553
557
557
560
575
575
595
597
600
613
611
604
599
591
575
563
557
551
549
546
558
587
608
636
631
617
650
612
605
599
587
576
571
565
563
560
558
557
552
560
577
614
655
669
647
619
606
588
584
578
575
568
556
558
560
568
588
596
609
663
694
706
652
646
631
621
616
609
604
596
591
581
571
565
562
560
571
590
606
656
676
658
631
620
606
600
597
592
589
588
589
587
581
577
573
561
556
555
557
563
567
585
602
634
640
646
637
630
624
622
618
608
595
591
582
573
564
563
559
558
555
550
554
548
548
547
540
542
535
529
524
516
511
503
499
493
489
487
488
489
494
501
505
510
510
517
520
519
522
522
523
521
523
522
520
515
512
508
504
497
496
495
496
494
493
498
499
507
515
514
519
522
527
527
524
521
521
524
524
526
526
526
524
521
517
514
507
495
493
491
491
489
490
497
509
526
540
546
549
544
541
538
534
533
527
523
519
517
512
510
508
507
502
504
501
500
503
503
509
514
521
535
547
560
556
549
553
550
548
547
544
539
533
524
521
515
509
504
503
500
497
499
500
505
515
525
541
554
566
559
557
556
553
551
544
543
536
532
526
521
518
514