588
583
584
579
573
573
576
580
577
581
585
593
593
579
568
565
562
564
566
558
552
553
559
557
559
561
558
556
558
558
556
561
561
563
558
551
547
542
535
534
535
533
535
542
563
594
628
637
632
639
641
630
612
596
592
586
581
580
569
567
565
571
568
578
588
606
622
622
616
614
612
604
595
590
573
567
563
561
563
566
561
561
562
564
565
571
567
561
565
572
578
576
573
563
556
549
545
548
548
547
540
537
535
535
539
542
543
547
547
544
544
541
536
530
523
520
515
519
518
516
511
513
512
512
511
517
523
539
555
566
565
566
568
567
562
553
550
547
540
537
533
528
523
520
528
542
539
545
555
563
569
580
587
584
574
566
564
559
550
545
544
541
544
536
532
543
552
571
585
588
586
587
586
583
575
563
554
546
543
545
544
543
538
536
541
549
555
554
553
562
561
561
563
556
547
545
536
533
527
529
528
535
538
540
544
549
542
543
544
545
544
536
531
532
534
536
544
536
529
543
549
584
632
618
628
609
619
606
592
580
562
555
545
534
539
534
532
526
527
525
520
521
524
527
524
521
523
523
521
521
520
518
519
519
515
513
512
510
507
507
506
506
503
500
501
507
504
502
503
505
504
506
508
502
502
499
498
496
493
498
498
499
500
498
502
500
501
499
501
498
496
496
492
494
488
485
481
484
486
483
479
481
482
478
478
478
479
479
477
478
477
473
476
475
476
477
476
473
472
475
468
465
468
462
463
463
461
461
460
464
466
464
467
469
471
468
468
469
472
468
467
463
467
465
463
458
458
459
456
454
455
454
452
453
457
455
451
451
453
454
453
451
451
449
453
451
446
447
450
446
446
445
444
440
443
438
438
437
436
437
438
439
438
439
444
447
447
452
452
456
461
461
462
464
467
465
463
464
464
459
458
458
456
455
453
454
453
451
452
452
449
447
447
448
448
446
444
444
445
444
443
445
447
449
448
448
459
461
468
477
472
473
470
465
464
457
452
453
449
452
450
449
454
456
454
454
452
454
452
452
450
455
452
450
453
453
455
454
453
459
458
454
453
453
455
453
450
450
449
447
444
447
450
449
451
454
459
461
462
460
462
466
461
463
465
464
461
460
462
458
453
454
456
453
450
457
452
452
455
454
454
453
455
455
456
457
456
460
461
461
459
460
466
465
464
464
465
466
462
459
459
461
459
457
455
460
456
453
460
458
454
458
457
459
457
457
461
462
462
459
458
459
461
459
459
457
459
457
458
454
452
449
452
450
445
444
445
446
442
441
443
445
444
441
441
441
444
443
443
445
445
451
451
448
451
453
452
450
451
452
452
453
449
446
447
446
445
442
444
445
447
442
445
447
449
449
355
542
453
450
448
310
587
447
446
446
446
446
440
443
446
442
444
443
444
446
446
448
445
444
449
446
447
447
448
452
450
449
452
451
450
452
455
467
468
467
467
464
461
456
453
451
447
445
445
444
448
447
447
448
450
449
449
446
447
451
447
444
450
442
444
439
441
438
437
435
436
436
433
437
438
441
442
440
442
447
446
445
448
447
449
447
445
445
448
447
445
445
445
445
445
445
442
443
443
444
445
443
442
444
446
444
444
448
446
447
447
446
451
449
450
448
446
451
453
449
449
446
448
448
446
447
444
444
445
446
445
445
450
447
450
450
451
451
446
445
440
440
441
437
437
438
437
429
429
429
433
432
432
434
434
440
442
441
445
448
449
450
451
452
452
454
454
452
453
449
447
447
442
438
439
434
438
438
434
431
430
433
432
432
433
437
438
437
438
440
437
445
445
445
446
449
452
453
453
450
450
452
450
450
450
452
448
448
451
447
447
450
445
446
445
441
441
440
443
439
441
444
438
439
442
445
443
446
442
445
444
444
444
444
441
440
438
436
435
434
434
431
431
430
429
433
439
438
447
451
450
452
452
445
438
437
436
437
431
435
437
438
438
440
442
444
442
441
440
438
437
438
438
436
433
437
436
434
434
434
437
436
435
435
443
441
438
441
444
444
447
447
444
448
445
443
442
438
439
437
431
431
432
427
430
426
424
424
423
422
424
420
420
416
417
422
423
419
419
421
428
427
427
426
428
430
429
430
428
427
430
425
424
423
426
423
420
421
423
425
420
418
419
415
414
419
414
410
412
410
410
412
409
404
406
410
407
403
405
408
405
398
403
405
401
401
402
399
400
400
399
397
400
399
397
395
396
396
397
396
397
395
392
394
395
393
393
391
390
390
388
388
389
386
387
386
384
388
386
383
312
454
381
387
384
382
382
382
381
385
384
382
383
378
379
380
383
382
383
381
379
381
382
384
383
383
380
380
381
382
380
382
383
382
380
378
382
378
382
381
388
384
383
386
383
386
386
386
388
387
387
386
385
388
387
388
390
384
387
387
390
386
386
389
389
390
386
387
388
388
388
383
385
386
388
386
382
383
383
383
385
387
382
382
380
378
381
382
380
377
377
378
380
379
377
376
375
378
378
379
382
382
383
382
382
382
383
385
384
383
384
381
382
383
385
384
382
380
381
385
382
380
380
376
382
380
377
374
375
376
377
375
374
374
376
375
372
371
373
370
370
369
374
371
374
371
371
373
372
373
370
371
374
374
377
373
375
375
374
374
377
376
372
373
375
374
376
372
369
372
375
372
372
369
374
373
374
370
370
372
373
372
372
373
370
371
370
373
371
373
372
369
370
373
374
373
372
373
371
375
374
376
372
370
371
375
373
374
372
369
371
371
371
371
369
366
373
371
371
368
369
369
370
368
371
370
367
368
370
371
371
366
368
369
370
369
366
366
368
367
367
362
363
363
365
362
364
362
359
360
363
361
362
364
360
361
363
362
359
364
365
363
366
362
362
363
368
364
367
361
361
365
365
363
360
362
364
362
362
361
360
362
364
362
366
360
360
361
362
364
361
361
359
358
361
359
357
359
357
358
359
358
359
356
359
358
357
359
360
359
358
359
360
362
361
362
365
366
364
365
366
367
363
366
364
361
366
366
366
367
366
364
365
365
366
368
366
362
365
365
366
367
365
362
366
365
367
364
364
364
367
367
363
370
368
367
370
370
370
369
368
365
363
364
364
364
364
363
359
362
366
364
363
361
363
364
364
364
361
364
362
366
365
366
362
365
363
367
367
367
366
365
365
367
366
365
366
366
364
367
363
364
363
364
364
364
359
361
361
361
361
359
359
361
358
357
360
361
361
361
360
360
359
362
361
363
363
363
360
357
361
364
361
363
360
361
359
360
362
362
360
361
361
357
359
361
359
360
359
358
360
360
358
359
359
360
359
358
356
358
357
358
357
360
360
357
361
355
359
357
355
358
357
357
358
355
358
358
358
358
354
355
360
354
354
359
359
356
360
360
356
358
360
355
358
360
356
358
361
358
356
356
358
359
359
354
359
357
359
357
357
358
358
355
358
358
356
357
357
357
356
357
358
356
356
360
357
357
357
359
358
355
358
355
356
356
355
355
356
355
354
356
354
356
355
355
355
357
354
353
357
353
354
356
354
356
353
351
357
354
353
353
353
352
356
354
352
354
353
356
353
354
352
350
354
354
355
352
354
355
352
354
355
356
357
355
353
354
356
356
355
354
354
354
354
354
354
353
353
356
354
354
351
352
354
354
352
354
355
354
352
353
354
353
354
354
354
354
356
355
355
353
354
354
355
355
357
359
359
360
361
359
362
362
360
360
364
357
358
358
359
360
359
357
356
356
357
358
356
357
354
356
359
358
358
354
357
354
358
357
356
354
355
354
355
356
354
352
353
354
355
353
353
352
354
354
353
353
350
353
352
354
356
355
359
357
359
358
360
358
359
359
360
363
363
366
370
372
373
371
373
373
374
375
377
377
377
378
378
377
376
374
374
374
373
374
373
373
374
374
376
376
374
375
376
378
376
377
375
378
376
379
378
380
381
380
382
381
385
380
382
382
387
387
388
389
393
392
396
396
397
398
399
400
402
401
404
404
405
406
404
405
407
411
410
412
414
419
418
421
422
422
421
421
423
420
419
422
424
426
426
426
426
427
428
427
431
433
435
438
441
441
443
446
450
448
447
445
446
444
447
445
443
441
438
440
442
446
448
455
458
459
461
466
466
466
468
465
465
462
463
464
463
460
458
459
461
460
467
466
470
469
466
463
465
463
467
470
472
470
467
469
469
468
466
464
461
454
452
452
454
462
476
486
488
492
497
501
504
503
494
494
491
487
484
484
482
475
471
467
463
463
467
472
484
491
491
493
495
506
523
539
534
535
530
524
517
505
498
498
506
509
523
538
545
536
531
533
538
544
545
542
528
526
521
518
515
510
514
514
514
518
512
507
507
506
505
508
509
504
498
496
495
501
505
511
517
521
520
515
508
502
499
498
503
509
521
528
538
546
549
545
552
552
553
543
539
535
523
516
509
504
504
502
500
498
487
486
482
485
498
496
496
497
494
490
488
487
484
483
479
479
478
477
478
479
480
481
479
479
475
474
474
473
475
478
476
475
479
479
474
472
470
466
466
468
468
472
475
477
476
476
480
478
480
482
482
479
474
471
467
463
464
463
463
465
466
467
469
476
486
489
493
498
494
490
487
484
477
476
474
472
468
464
464
460
463
463
466
472
477
479
480
479
479
481
486
499
511
513
515
516
512
503
496
489
481
478
478
476
481
486
488
492
494
496
498
495
493
491
488
487
487
486
487
489
490
487
486
482
479
478
478
479
481
486
488
492
492
490
492
487
484
482
479
481
479
479
478
476
478
477
478
479
485
486
485
485
483
481
482
481
481
481
483
482
482
480
479
477
476
479
486
482
480
480
479
477
475
475
474
475
475
471
475
478
477
476
475
473
470
470
466
468
466
469
469
469
467
466
464
466
463
464
465
473
475
479
481
482
480
481
481
479
478
476
474
477
478
476
477
478
477
475
476
475
475
476
478
478
482
481
479
478
479
478
479
484
482
485
487
485
487
485
481
480
479
479
483
485
486
489
488
489
485
484
483
482
481
484
485
486
491
488
488
485
483
482
481
482
483
483
485
481
480
480
476
470
467
470
465
469
468
469
469
473
474
476
484
484
489
487
487
489
490
492
493
493
493
493
491
491
489
488
485
484
479
479
475
470
469
466
465
467
468
470
476
480
483
482
483
486
485
486
492
494
488
488
485
483
484
485
484
482
482
480
480
481
481
483
484
486
483
484
484
484
482
479
477
471
472
468
465
465
469
472
476
479
487
492
496
504
508
506
503
499
493
482
480
474
466
463
466
469
467
466
468
468
467
470
471
478
488
491
494
493
493
494
489
484
482
479
482
483
486
485
486
482
480
477
472
470
469
469
468
463
463
464
463
469
479
521
582
585
563
555
563
614
619
600
586
574
560
544
533
524
518
514
514
510
509
508
507
509
508
510
507
507
501
500
498
498
498
491
489
484
479
476
472
471
465
468
464
466
468
465
467
469
472
473
474
479
484
487
488
492
491
493
492
488
489
484
484
481
479
474
469
467
463
455
453
453
453
451
455
453
455
454
452
454
454
455
458
462
468
475
482
494
500
501
500
504
513
518
521
522
519
512
508
510
510
507
506
508
507
505
498
500
493
495
495
495
494
495
492
493
491
490
493
492
493
496
500
498
499
498
498
497
499
494
498
493
495
493
494
493
493
493
493
493
493
494
495
496
499
498
500
497
496
499
506
518
514
512
510
506
500
498
494
491
489
487
490
490
494
491
493
492
494
489
489
488
485
484
477
477
476
475
474
476
476
480
481
487
489
492
492
497
494
494
493
493
496
490
490
485
485
484
485
480
479
477
476
476
477
474
477
478
481
478
483
482
482
489
491
490
494
500
498
494
493
488
485
485
478
479
477
475
476
473
472
472
467
467
469
473
480
486
485
485
489
494
496
503
509
513
513
511
506
501
497
495
498
500
502
503
506
511
518
535
540
555
574
586
595
599
604
610
609
616
616
589
581
567
560
559
561
563
562
557
563
569
573
569
560
544
535
530
525
521
521
516
509
502
498
493
495
502
510
510
513
524
546
546
546
551
552
546
538
529
521
516
512
512
517
517
516
519
534
542
552
557
549
549
547
542
533
527
524
520
511
507
504
504
508
509
509
521
528
534
532
524
522
521
519
517
512
510
507
505
505
508
505
506
508
511
516
518
522
527
528
529
524
521
520
514
511
512
506
505
504
503
502
507
509
515
519
528
532
532
531
530
526
520
511
506
499
498
496
494
498
498
499
500
501
499
496
496
495
495
497
495
494
491
488
483
477
473
476
479
485
489
492
493
498
496
497
495
497
494
498
498
503
506
511
513
514
517
520
523
525
529
529
523
519
513
504
500
506
511
511
519
514
518
518
516
513
517
517
512
508
509
511
516
508
503
508
498
493
490
484
479
474
475
472
461
459
456
456
458
452
446
446
446
449
444
439
444
443
444
444
439
445
448
450
458
463
461
462
466
462
462
465
461
460
458
457
454
451
450
450
448
451
449
446
442
443
447
445
438
438
440
437
430
431
431
427
428
425
429
429
425
422
423
426
426
421
424
421
422
419
418
421
420
421
417
421
416
419
421
417
413
414
414
415
411
408
412
412
409
403
407
407
408
405
405
403
400
400
405
404
401
399
400
400
398
398
396
399
396
396
397
398
396
396
394
392
395
392
394
393
394
394
394
390
392
390
392
392
390
390
386
389
389
389
386
386
385
390
386
384
383
385
384
382
381
385
383
384
384
384
383
385
381
381
379
381
380
384
381
383
378
382
380
382
378
379
379
380
376
377
376
374
372
373
371
370
369
367
367
366
365
366
364
366
366
361
360
362
361
361
362
359
361
357
362
356
357
357
360
357
359
357
357
356
354
357
356
356
355
354
356
354
355
355
354
356
355
356
357
354
358
356
355
356
359
358
356
356
359
356
356
358
355
355
354
354
357
353
353
354
356
356
356
355
357
354
356
354
356
358
355
357
359
355
357
359
357
355
359
358
357
360
358
358
356
356
356
356
357
357
354
355
355
358
356
354
353
358
357
355
357
354
354
356
355
356
358
354
356
355
358
358
357
357
357
359
361
362
363
358
361
363
360
361
360
360
362
366
364
365
366
363
363
363
365
367
366
364
366
367
371
371
371
371
369
372
374
375
375
373
372
370
373
372
375
371
372
372
374
374
370
371
370
375
375
372
374
375
377
373
376
376
381
379
375
379
378
380
383
384
384
384
385
386
389
386
382
385
387
386
384
382
387
388
388
386
389
390
390
390
390
390
390
391
392
392
390
390
389
391
388
388
386
386
386
388
384
388
386
389
386
390
386
385
384
386
382
379
380
381
383
382
382
382
381
384
382
382
383
384
382
382
382
385
385
385
383
383
384
386
385
385
385
382
388
386
387
384
385
385
387
389
386
388
386
384
387
388
388
385
386
388
391
390
391
391
393
390
388
390
389
390
392
389
391
391
395
394
392
391
391
391
389
386
386
390
391
394
393
390
391
392
393
394
395
391
394
395
394
392
392
395
396
394
393
396
396
395
390
392
391
391
391
389
388
388
391
388
386
382
387
382
383
379
380
381
382
381
376
375
378
378
375
372
377
375
375
373
372
377
375
374
373
373
375
375
372
374
375
377
375
374
372
371
374
374
369
369
367
368
369
369
369
367
366
365
367
369
368
368
367
371
370
369
371
367
371
368
371
370
373
375
375
373
371
369
374
374
370
372
372
374
377
373
375
373
378
378
379
377
375
377
378
377
374
376
373
372
373
373
374
371
372
368
373
374
374
371
368
372
373
373
374
375
375
377
376
378
375
377
380
375
376
374
377
377
377
379
377
376
377
375
379
379
380
378
376
376
376
374
378
375
375
372
375
376
374
373
374
376
375
375
375
377
378
376
375
372
374
375
374
375
374
375
373
375
375
375
376
377
376
372
370
372
372
371
369
367
368
369
369
366
365
365
367
369
368
367
366
364
361
365
365
363
364
362
362
361
362
360
358
357
358
359
359
355
354
353
356
354
355
356
356
354
354
354
353
353
352
352
352
352
347
348
347
352
347
347
348
345
348
347
350
345
347
342
344
344
345
344
346
340
346
342
346
345
345
344
345
347
345
345
344
344
346
342
340
342
343
342
342
342
339
338
341
340
341
335
340
337
336
341
338
336
341
329
337
335
334
332
334
333
331
333
330
333
331
329
329
328
329
330
329
327
327
325
327
327
325
327
321
328
325
322
326
325
321
327
321
323
323
321
327
320
320
322
321
320
321
318
323
316
324
319
321
321
322
320
320
322
322
322
322
321
321
323
323
322
322
323
322
321
323
321
320
322
324
320
320
319
322
321
322
319
321
323
320
322
321
321
321
322
322
320
320
320
322
319
319
319
321
321
319
317
321
319
320
319
317
320
320
317
321
316
318
319
320
318
318
317
318
316
320
319
319
318
321
315
320
315
317
318
316
318
317
316
318
320
318
316
319
320
316
318
316
317
318
319
317
316
317
317
315
316
315
314
318
313
317
314
315
316
319
313
318
316
314
316
319
315
322
318
317
318
321
320
320
321
321
319
323
325
323
325
324
323
327
328
327
328
331
327
329
331
330
333
331
331
330
332
334
331
332
330
332
333
333
334
332
334
331
335
332
332
335
336
334
336
335
336
337
339
341
342
340
341
341
342
342
344
340
342
344
343
346
343
344
345
346
349
343
346
345
345
346
345
345
346
346
349
346
348
347
347
351
349
349
348
353
346
350
349
347
354
349
351
349
353
350
353
354
357
355
356
354
351
353
352
354
350
354
351
353
349
352
352
354
356
353
357
356
362
362
361
365
364
368
370
369
374
372
374
377
375
375
376
376
378
374
376
375
379
377
376
378
377
377
380
377
378
377
379
380
384
385
385
386
386
389
382
383
382
386
383
384
383
384
383
384
384
384
382
382
382
385
383
385
385
386
389
390
390
393
392
393
395
394
394
396
397
397
395
396
393
394
390
394
393
397
396
399
401
406
406
407
408
409
407
406
407
407
405
404
404
404
403
402
403
405
404
402
405
407
410
408
408
412
413
412
413
418
417
420
419
422
424
421
420
418
421
416
414
413
411
406
405
406
406
405
408
409
412
416
415
418
419
421
420
422
424
425
424
426
425
424
427
425
422
424
426
423
425
426
426
428
428
426
428
427
427
428
425
427
425
429
429
429
431
426
427
427
422
420
422
420
418
420
422
421
416
418
417
416
414
412
415
416
415
415
416
419
419
418
419
419
420
415
416
417
414
410
409
408
406
408
410
409
408
410
411
413
412
414
413
414
414
415
418
426
429
434
437
438
439
438
437
433
428
426
421
417
416
415
415
416
415
414
414
418
417
422
422
426
429
434
436
438
438
438
436
434
431
428
424
422
421
419
422
424
424
424
427
427
430
432
431
433
433
434
432
434
432
436
438
440
443
441
441
438
434
433
429
425
425
421
421
423
428
432
436
438
437
439
438
437
433
435
433
435
435
436
436
436
432
433
432
429
429
431
438
442
444
449
458
461
463
466
464
467
464
466
463
464
461
459
458
457
456
454
456
460
460
460
461
464
466
468
468
470
464
464
462
464
460
461
458
455
452
450
446
448
442
440
440
439
439
440
444
446
448
451
452
453
454
458
458
459
459
458
466
464
465
465
468
470
468
470
474
473
476
473
476
479
479
478
482
482
482
480
480
480
478
476
479
478
478
471
474
469
465
460
455
450
449
443
438
438
435
435
431
429
429
428
430
427
430
430
429
431
439
447
447
449
449
452
455
459
461
463
466
465
466
465
464
463
466
468
468
469
476
478
481
481
482
485
485
487
486
487
486
488
491
492
494
496
506
513
516
515
510
513
510
509
509
504
503
504
501
501
497
498
500
499
501
506
504
505
508
507
507
505
504
507
506
505
503
503
507
507
510
513
512
515
521
521
521
519
513
510
508
506
504
502
500
510
508
507
507
506
504
505
504
506
505
508
508
512
517
520
521
517
520
518
515
512
507
506
505
501
497
500
503
503
503
501
503
503
504
501
502
504
499
492
491
489
487
486
485
482
480
479
475
476
477
477
478
477
477
477
476
477
478
477
477
478
477
480
478
479
481
479
477
478
479
482
480
479
479
477
477
475
473
475
476
477
476
477
477
476
479
479
478
479
480
479
481
481
480
482
481
483
485
484
483
484
481
479
477
478
477
477
478
479
481
483
484
485
483
487
484
482
483
480
479
480
480
479
478
479
480
480
482
485
481
482
482
477
474
472
469
470
470
465
462
460
456
455
454
453
450
447
445
444
441
436
437
436
432
436
431
431
430
433
435
437
438
440
442
438
446
446
447
449
446
449
446
446
444
444
445
445
444
440
440
438
434
430
429
427
433
430
430
427
425
423
424
422
422
420
417
415
413
416
417
420
424
431
437
438
439
444
447
448
445
446
444
442
441
439
438
437
433
431
430
429
432
432
433
431
430
435
435
437
439
436
436
437
437
438
439
441
447
448
455
457
461
461
459
456
454
451
448
445
442
443
440
439
445
442
440
439
442
444
450
453
457
457
464
465
466
463
462
460
460
454
453
452
454
453
453
455
458
461
462
462
462
458
455
452
454
453
454
455
456
452
450
449
449
454
450
455
457
449
450
451
453
453
456
452
451
449
443
448
446
449
449
452
453
452
454
454
456
452
456
453
452
448
450
450
451
448
451
453
455
458
456
456
457
455
455
450
450
446
443
440
439
438
438
438
439
438
438
443
443
442
448
453
459
462
465
462
459
458
453
450
449
445
445
446
442
447
443
442
440
440
442
441
443
444
445
448
451
458
460
463
474
478
483
482
480
478
475
470
466
466
463
462
462
462
464
470
476
484
482
489
494
500
500
499
500
496
491
485
481
479
472
468
465
463
457
454
451
445
448
457
468
479
521
572
598
554
532
521
509
503
495
488
483
480
479
477
473
477
475
474
469
469
466
462
458
458
455
455
452
453
451
448
446
447
449
448
450
451
455
455
459
459
459
460
458
455
457
456
455
457
457
470
484
521
573
638
729
746
681
611
569
545
536
523
515
502
491
486
479
473
471
463
463
463
457
454
450
445
447
445
444
444
440
446
448
446
447
447
451
452
462
482
497
507
510
508
515
519
522
526
526
525
526
522
520
517
516
512
506
506
502
495
486
484
478
475
469
466
466
463
459
457
456
456
450
451
446
450
446
445
444
445
447
445
446
446
446
444
444
442
444
444
440
441
439
439
441
439
438
438
441
442
440
440
440
443
441
439
438
440
442
444
442
439
441
438
438
438
438
434
433
430
432
429
430
430
431
429
428
428
428
429
432
434
433
434
436
439
444
450
458
458
464
468
473
475
474
472
470
467
464
465
461
458
457
457
457
455
460
462
460
460
463
463
466
466
466
470
468
468
471
470
466
465
464
459
461
458
453
452
449
451
450
447
453
459
456
458
457
460
461
464
466
463
467
460
455
452
452
451
454
451
452
444
442
439
438
438
437
437
434
435
436
436
436
433
432
431
431
432
433
433
431
431
430
433
436
437
439
447
451
456
464
468
474
479
483
483
484
482
480
478
477
476
470
471
468
462
464
463
461
462
467
473
480
485
485
487
488
484
484
482
479
475
472
471
470
463
460
457
459
452
454
458
462
469
479
483
484
486
488
488
490
489
490
484
482
479
476
474
473
470
470
467
464
465
463
459
458
457
455
458
457
463
465
465
469
475
481
480
482
483
490
494
496
502
505
515
514
517
525
538
530
525
525
530
535
539
537
539
537
534
541
548
553
537