678
679
693
727
779
799
760
758
734
724
692
678
676
677
728
727
725
726
755
769
760
700
691
687
676
659
650
648
648
666
705
780
820
790
755
743
718
693
671
666
669
683
711
712
707
710
711
714
682
674
677
688
690
668
650
640
634
645
639
627
628
627
633
623
623
628
627
629
615
615
620
630
646
652
638
615
615
589
585
580
588
632
755
840
830
808
765
728
683
669
660
667
714
822
832
794
796
798
790
715
692
682
692
722
726
715
728
738
755
739
710
682
677
679
670
670
665
685
720
722
730
733
724
685
673
667
657
646
620
605
605
598
595
616
647
717
780
829
819
791
752
710
671
655
646
643
650
662
678
726
812
859
855
767
719
688
684
672
660
635
626
615
608
606
604
604
615
633
649
653
646
647
645
645
640
640
646
657
649
651
638
644
632
631
629
615
605
587
588
575
561
555
550
543
536
534
537
541
538
533
531
532
533
531
535
539
541
539
544
544
544
544
538
536
534
531
533
538
539
534
533
532
529
525
521
517
514
510
513
518
524
521
521
521
521
522
523
528
532
526
530
534
535
537
530
529
531
534
534
530
525
521
515
511
507
507
511
514
518
521
518
514
518
517
517
520
522
521
516
513
514
511
514
514
511
512
507
505
505
506
509
512
516
519
519
517
518
521
521
525
527
523
521
520
521
520
523
522
520
516
512
509
507
511
511
513
510
507
506
507
511
517
520
520
515
513
511
511
511
511
511
502
498
493
493
493
500
504
509
502
502
502
503
505
510
515
516
512
512
512
513
514
517
516
510
509
507
510
509
510
506
498
494
496
497
498
502
503
498
498
497
500
502
508
510
510
505
505
506
505
508
505
500
495
494
494
491
496
492
489
488
488
486
486
488
495
501
507
503
503
503
506
511
513
508
506
505
503
503
504
506
503
501
497
498
499
501
503
501
500
498
499
499
502
507
504
502
501
502
505
509
511
507
509
510
506
505
504
507
502
499
499
497
495
494
497
498
497
500
498
498
497
499
500
502
500
498
493
493
492
493
496
499
496
496
495
497
499
504
509
506
503
504
500
500
500
503
500
499
500
498
498
502
505
503
503
502
502
502
501
503
501
504
500
497
495
495
496
494
492
489
487
485
483
484
485
485
485
485
486
487
493
499
500
501
499
499
497
499
498
495
494
491
490
490
487
489
487
487
484
484
486
489
495
494
495
493
494
493
495
493
489
488
485
485
484
486
487
490
486
485
485
483
485
487
491
485
483
482
481
487
488
488
486
484
483
480
484
484
480
479
478
476
476
479
479
478
477
473
475
472
475
479
481
478
476
477
476
479
478
479
479
478
477
477
476
478
479
486
486
487
485
482
479
476
475
473
473
474
475
478
482
485
484
485
485
492
492
490
486
488
485
484
486
484
479
477
476
475
476
476
478
479
478
484
490
493
495
498
500
497
492
491
489
491
489
491
492
500
499
501
502
503
507
513
515
517
513
510
502
492
490
486
481
480
479
479
479
479
479
479
480
490
490
490
491
493
493
491
498
504
505
508
505
501
501
502
500
500
496
495
492
492
492
492
493
504
508
519
524
536
563
571
562
567
573
564
563
553
533
519
505
499
496
488
479
476
475
470
465
467
469
472
474
474
473
468
467
465
466
466
467
469
466
468
468
471
471
470
470
469
475
474
476
475
473
473
473
472
473
475
479
483
482
482
481
480
481
487
490
491
485
484
483
481
480
482
480
479
480
482
480
481
479
475
472
468
466
465
467
472
479
495
505
517
516
509
506
501
505
501
497
491
488
483
484
479
477
474
475
470
468
466
467
462
463
459
465
460
462
455
456
457
456
455
454
450
446
450
449
449
446
446
444
441
444
443
437
437
442
440
437
438
432
436
435
434
435
432
431
427
436
434
434
433
433
434
431
431
429
431
430
428
425
425
421
420
421
422
418
420
415
416
417
415
413
415
419
417
416
417
415
415
415
414
413
417
414
414
414
408
412
414
411
409
412
408
407
408
407
404
406
408
404
407
404
402
403
401
399
402
404
401
403
400
400
403
401
403
401
402
400
404
403
405
403
405
398
404
402
399
400
402
395
400
395
396
395
396
395
395
391
391
391
393
391
394
393
391
392
390
390
388
391
391
388
392
388
389
389
393
390
392
391
391
390
391
393
389
391
390
387
388
389
386
390
387
387
385
386
385
384
384
383
386
386
385
388
386
386
387
386
384
389
388
385
387
386
384
386
385
383
388
384
386
386
385
382
384
383
386
383
387
383
386
382
384
389
385
387
388
387
386
386
385
387
386
386
385
384
381
386
385
384
384
384
382
381
383
381
384
383
381
383
385
381
387
384
384
385
383
385
384
388
385
388
390
390
392
393
392
392
391
389
387
388
386
388
387
389
387
387
386
385
388
388
386
388
387
386
386
388
386
390
387
385
386
390
389
388
391
390
390
391
390
386
388
389
387
389
391
388
391
390
389
387
388
387
386
387
388
387
390
389
388
388
387
384
390
390
390
387
390
391
385
391
390
389
390
389
384
385
386
386
384
388
383
382
382
383
384
384
385
384
379
385
387
383
387
390
389
390
389
386
385
389
386
386
385
385
385
382
384
382
378
379
383
378
381
379
378
379
379
376
380
379
376
379
379
379
378
385
378
382
377
382
384
382
385
389
385
390
389
386
386
386
381
387
386
381
388
384
389
389
387
392
390
388
387
389
385
390
389
387
390
390
387
384
389
389
384
388
386
385
382
385
387
382
387
386
383
384
385
383
384
383
376
383
383
383
379
386
381
381
380
381
383
380
382
382
379
380
383
379
381
381
381
379
381
379
376
381
380
378
381
378
376
378
375
377
378
379
377
377
378
374
380
380
378
383
381
379
382
381
381
383
382
382
383
381
380
386
383
383
382
382
380
381
383
381
381
377
378
382
381
376
382
378
381
383
378
384
380
378
379
379
375
379
380
377
380
378
378
375
379
377
379
378
379
378
379
377
378
381
380
379
389
385
388
392
391
390
390
386
385
388
385
386
385
381
379
380
383
382
384
381
381
381
383
385
382
384
383
383
381
381
380
383
382
381
381
381
378
379
383
376
381
380
378
377
379
375
375
379
374
377
377
377
377
377
373
378
377
377
375
376
374
373
379
375
378
377
377
376
378
377
378
378
378
377
378
377
375
380
375
379
378
378
376
378
376
376
379
378
376
377
375
372
376
377
375
377
376
374
376
374
375
377
378
375
376
377
374
377
377
378
378
378
379
379
378
377
383
380
380
382
381
377
384
379
383
379
381
377
381
379
380
382
381
379
382
377
381
382
381
379
381
380
380
379
382
380
382
379
379
377
382
377
382
378
379
379
379
376
380
380
381
381
380
380
378
379
379
379
381
380
379
379
379
376
379
381
378
380
380
379
378
378
375
376
379
378
375
377
375
373
376
373
375
375
375
374
375
372
374
377
373
377
376
375
375
375
373
376
375
375
376
374
374
372
376
371
373
375
373
372
374
371
370
375
369
375
372
371
373
372
367
372
374
372
376
373
375
374
372
377
378
381
379
381
383
382
381
382
384
386
387
389
392
391
389
390
390
389
393
396
400
403
404
400
406
404
410
416
422
421
421
421
420
415
416
414
414
414
414
408
412
410
413
419
423
425
421
427
430
432
433
434
434
433
432
425
423
419
422
426
433
438
438
438
439
440
444
449
454
451
450
451
451
453
457
461
460
456
463
461
463
465
461
457
457
455
458
463
466
466
467
468
469
471
473
474
469
468
466
466
469
474
477
478
475
473
474
475
479
483
487
486
486
487
489
489
491
491
486
485
487
484
484
481
476
474
471
470
473
474
473
475
481
486
497
500
497
496
498
497
498
499
494
493
494
494
493
495
490
488
485
485
485
488
490
492
492
488
486
484
484
484
485
489
490
493
488
487
488
486
487
489
491
492
490
485
1434
476
479
484
487
491
490
487
483
479
474
467
465
468
477
489
503
511
514
513
509
502
496
490
485
485
486
485
483
481
479
475
470
465
464
466
467
471
471
472
470
468
468
468
470
474
476
477
473
476
474
472
468
468
466
466
465
465
466
463
461
462
460
461
462
461
462
466
473
478
481
479
481
479
477
473
470
470
471
471
469
468
471
469
472
470
470
463
464
464
463
462
459
454
458
452
456
453
453
446
451
448
449
448
448
444
450
449
454
454
460
460
456
460
457
461
458
459
460
455
457
454
454
455
458
455
454
454
451
453
458
455
455
454
455
451
450
452
448
451
449
447
450
445
448
445
440
442
435
436
438
437
436
440
438
437
444
441
449
447
455
453
450
451
449
450
444
449
451
454
454
453
454
451
455
458
458
466
464
465
465
462
469
469
473
471
471
471
467
463
465
466
467
469
468
468
468
467
468
469
472
479
479
479
479
478
476
479
479
479
477
474
472
470
465
467
469
473
476
479
479
478
476
477
480
484
486
485
482
484
485
487
488
486
486
483
480
483
485
488
486
488
486
489
494
499
503
502
504
506
511
518
533
545
547
546
545
552
553
550
540
547
546
558
571
583
597
596
584
552
531
514
510
501
501
497
491
494
489
489
489
497
499
502
496
495
492
489
494
494
494
492
489
488
485
483
487
486
484
483
480
479
475
475
479
479
479
479
479
485
487
495
497
498
495
497
500
504
504
502
497
494
493
493
495
493
492
492
490
491
487
484
487
484
484
483
489
490
490
490
490
495
496
499
494
495
492
492
492
494
492
491
488
488
490
490
488
488
489
489
496
497
497
497
495
496
499
502
508
503
504
502
500
499
501
498
495
492
492
493
495
495
498
498
499
504
506
506
504
502
502
503
503
500
502
500
502
506
507
504
502
501
500
501
502
502
502
500
498
500
500
502
501
502
502
503
505
505
501
501
500
501
504
501
505
502
502
507
505
504
500
498
495
496
496
494
494
493
494
496
501
507
512
511
512
511
510
510
513
513
511
513
510
508
508
508
503
503
499
496
494
496
497
497
497
497
498
499
502
504
503
501
502
504
507
509
505
504
502
505
503
508
505
504
502
502
500
502
504
504
502
506
508
510
512
510
508
508
509
511
508
505
500
498
497
499
501
501
502
499
499
502
501
502
504
502
502
506
510
509
507
506
502
501
506
505
503
499
495
495
495
500
498
497
497
500
501
508
509
510
508
510
512
514
514
512
510
508
507
506
508
505
503
500
499
497
497
496
495
493
497
497
498
497
495
493
496
498
498
500
499
500
501
507
505
503
501
499
494
494
491
488
485
485
486
489
491
492
492
495
500
504
503
501
498
494
497
495
495
495
493
492
493
492
492
491
489
489
494
497
496
495
495
496
494
499
498
499
497
498
499
502
503
503
501
501
502
502
504
499
497
496
494
494
495
493
492
494
495
496
494
492
489
492
489
492
489
493
492
490
486
484
484
483
480
485
487
485
487
485
485
487
484
489
485
488
488
489
487
488
493
495
489
488
493
492
491
494
490
488
487
482
478
476
474
467
470
479
500
516
540
580
646
668
613
581
564
560
555
553
544
533
526
518
513
509
510
512
506
506
502
498
494
490
496
516
539
536
532
529
524
522
524
527
529
530
525
522
520
521
531
559
570
558
559
568
583
605
599
586
577
578
575
563
560
556
550
541
529
522
516
515
516
521
524
527
528
526
526
531
544
578
590
588
576
568
568
564
563
557
545
536
526
518
511
510
514
521
525
525
530
535
533
531
522
515
509
503
493
492
494
489
499
507
515
521
521
516
514
512
510
509
507
506
500
499
499
498
499
502
499
502
507
512
517
519
524
544
556
567
566
561
556
548
540
533
527
517
511
505
500
505
531
570
595
616
628
637
624
608
599
595
595
593
582
570
562
556
549
538
530
532
526
524
519
517
510
508
505
504
502
501
501
496
491
493
491
494
504
535
551
552
554
552
552
551
547
541
538
536
532
527
524
521
522
534
550
565
570
570
572
569
564
558
549
539
525
522
521
519
519
516
511
512
516
514
526
550
538
529
527
528
516
515
510
507
502
497
494
490
487
480
479
479
477
472
468
469
464
463
461
458
456
453
452
449
445
444
442
442
439
436
438
435
432
430
428
426
423
424
424
423
421
420
419
416
416
415
415
415
415
412
412
412
409
407
407
410
408
407
406
406
402
403
405
405
406
405
405
405
404
402
401
404
403
404
403
404
401
401
402
399
401
401
401
399
400
398
396
396
396
398
398
396
396
392
396
396
395
395
396
395
395
394
392
394
390
395
395
392
392
391
391
391
391
390
389
388
387
387
386
387
386
386
383
383
384
380
382
383
381
382
378
380
378
377
377
376
378
377
376
374
376
376
374
375
377
376
375
376
375
373
372
372
375
374
373
373
371
369
374
371
372
370
371
370
370
370
369
370
370
368
372
366
368
369
365
368
369
368
368
367
370
368
367
366
366
367
367
365
364
365
365
363
364
364
365
364
363
365
361
360
361
360
362
361
358
362
363
361
361
359
360
362
360
361
362
363
362
365
365
364
368
369
366
368
370
368
368
370
366
366
369
367
365
365
367
368
365
367
364
364
365
363
364
364
364
364
362
366
364
364
365
364
364
365
364
364
366
362
364
366
363
365
366
365
363
363
363
363
362
363
361
365
362
362
367
363
362
367
363
362
366
363
361
364
362
361
362
362
362
362
361
363
362
362
363
363
361
362
362
359
361
359
363
361
360
360
360
360
360
357
361
361
359
360
360
362
361
358
362
357
363
359
360
360
361
360
359
357
362
358
361
359
357
359
358
359
355
359
357
359
359
357
360
357
361
359
357
359
357
360
354
362
358
360
358
360
360
357
360
356
362
358
359
359
360
358
360
360
360
360
358
361
359
362
360
360
359
361
360
360
359
359
362
357
362
358
361
358
361
360
359
360
358
361
358
362
359
360
361
360
359
359
361
361
359
361
360
361
364
362
367
365
369
367
366
366
367
367
365
367
367
366
369
366
373
368
374
371
372
369
368
366
369
367
366
369
366
364
367
360
367
363
365
363
363
363
357
362
359
359
361
358
360
359
362
360
356
358
360
356
361
358
360
359
358
356
359
354
359
357
360
355
354
357
356
353
359
355
356
357
357
356
354
355
354
356
356
356
357
355
357
355
359
356
361
360
361
363
363
364
363
365
363
364
361
367
364
370
364
370
366
367
366
367
365
362
367
364
366
364
367
364
366
364
365
362
364
363
366
365
367
365
368
367
369
365
369
367
373
369
373
370
374
370
371
368
373
370
374
370
372
370
372
369
368
371
369
371
368
370
368
369
366
370
367
368
367
371
369
372
371
374
371
373
371
373
372
368
373
373
377
375
376
376
377
371
379
374
379
376
380
377
375
375
375
374
367
373
370
375
370
374
373
375
374
374
375
373
378
374
379
377
378
377
374
377
375
382
376
381
378
378
377
375
379
372
378
375
378
376
375
374
371
373
369
376
373
378
374
375
375
376
376
371
379
374
379
377
378
378
376
377
374
379
377
379
379
376
377
378
377
372
378
376
377
379
377
378
375
377
377
375
379
376
380
376
376
376
372
377
375
377
378
377
376
374
376
372
371
375
370
374
371
370
370
366
370
368
367
369
368
370
368
368
367
366
369
370
369
370
369
368
368
365
367
370
367
369
367
368
367
367
369
369
369
371
368
376
373
379
377
379
378
377
372
379
376
380
378
376
376
374
377
376
375
373
373
372
376
373
376
373
373
370
374
374
371
372
371
371
365
369
369
368
368
366
368
362
368
364
367
365
363
363
359
361
360
361
363
359
361
358
357
358
357
354
360
357
359
357
354
357
355
357
354
356
356
355
354
354
354
354
354
350
354
353
351
353
349
352
353
349
352
350
349
349
351
350
349
349
348
348
345
347
349
347
348
347
346
345
343
345
346
342
342
343
344
339
341
343
339
341
340
341
339
336
339
339
340
337
337
337
335
336
336
337
333
333
335
334
335
334
334
333
334
335
335
333
336
334
332
334
334
333
335
333
333
331
333
333
333
334
331
332
329
333
331
330
329
330
331
333
329
329
330
329
330
331
330
330
331
330
329
328
329
328
330
332
324
328
330
327
329
326
330
329
326
327
326
325
325
328
325
325
326
323
325
324
324
325
322
326
324
324
323
323
325
320
325
324
324
324
321
323
322
321
322
322
319
319
320
321
319
322
320
319
319
319
319
317
319
319
313
318
315
317
319
319
314
317
317
318
319
317
313
319
318
318
318
315
318
317
319
318
314
320
317
319
319
319
323
321
322
322
319
323
322
324
324
325
322
325
324
326
329
330
322
332
329
332
334
329
335
334
337
336
334
337
334
338
337
340
340
337
338
336
338
338
341
341
337
336
338
341
340
341
338
339
344
338
346
344
342
345
344
346
350
349
347
345
349
347
354
350
351
349
349
350
351
352
355
352
351
348
351
352
356
354
354
353
355
356
361
359
360
361
358
363
366
368
367
368
367
370
370
372
375
372
369
371
370
370
373
377
374
376
372
376
375
383
375
384
378
384
377
380
380
380
380
382
378
374
374
375
377
380
376
377
376
375
376
377
377
383
381
380
380
384
387
394
389
388
392
395
398
396
393
391
395
396
399
397
399
396
395
395
392
392
392
395
393
396
390
389
389
391
388
385
382
384
386
388
388
390
387
392
393
393
396
393
391
392
392
396
395
394
393
395
396
399
399
399
396
396
398
398
399
399
398
396
396
394
397
394
395
391
391
391
396
395
394
395
395
397
398
403
400
400
400
400
401
401
399
396
397
398
395
396
395
395
393
394
394
393
394
392
391
391
389
393
392
386
392
389
398
394
402
407
408
417
419
422
423
425
419
423
420
420
417
415
414
413
414
415
413
407
413
414
412
416
414
413
419
419
423
423
420
424
427
428
427
428
427
427
428
425
427
423
424
424
425
423
421
424
425
427
422
424
429
429
429
425
426
425
428
430
429
425
428
430
431
431
432
428
433
433
435
436
437
434
439
441
448
447
448
448
440
444
440
441
441
441
442
442
442
436
439
438
438
438
437
437
446
453
459
475
483
492
491
485
481
477
480
473
481
478
477
479
479
469
476
474
470
468
464
461
458
452
451
456
459
459
462
472
477
480
479
478
480
484
486
482
477
485
485
487
486
486
489
489
488
484
481
477
473
479
482
483
486
490
499
510
508
507
508
512
507
508
514
512
510
513
512
503
500
497
498
496
492
489
489
495
498
496
495
497
501
503
503
501
499
504
506
501
500
498
502
503
501
500
500
506
503
502
499
500
504
503
500
496
502
502
499
498
495
501
501
497
497
496
501
504
504
504
505
506
512
510
508
507
507
511
511
508
506
503
507
510
513
510
508
506
508
511
510
510
506
514
515
511
509
508
513
510
508
507
508
510
510
509
509
507
511
515
511
512
510
516
517
515
513
511
512
515
513
511
509
515
516
515
514
512
516
519
516
517
515
519
521
519
518
517
520
521
520
518
514
514
516
513
511
508
509
512
512
511
511
512
518
521
520
519
518
521
523
521
520
518
520
520
515
514
511
514
517
515
513
511
513
517
514
514
512
514
516
518
513
512
509
510
514
515
514
513
518
520
519
518
515
515
518
519
516
516
516
520
524
524
524
524
525
531
537
533
529
523
524
521
510
507
506
497
494
488
481
479
476
475
470
463
458
458
454
449
444
440
441
440
437
432
429
433
434
434
433
441
450
446
448
453
465
474
481
498
525
556
558
552
551
547
545
535
530
535
531
525
530
525
512
507
503
506
505
500
502
502
514
518
519
519
520
527
533
535
532
534
539
551
555
552
552
551
559
558
549
548
545
557
560
563
562
555
546
545
542
547
546
544
540
541
542
552
555
551
556
561
565
561
557
555
554
557
543
546
543
552
558
554
556
555
555
549
535
532
525
526
521
522
522
524
522
520
530
534
538
542
541
535
527
530
528
523
525
524
525
538
542
551
555
557
554
546
539
544
542
539
532
527
524
521
524
531
548
557
566
570
577
590
576
579
582
573
574
568
569
564
555
542
540
534
528
519
515
507
503
501
501
507
509
520
529
544
540
539
546
548
546
552
552
553
553
557
556
555
546
542
537
533
530
527
524
522
521
521
526
532
536
535
530
525
521
514
513
507
502
502
500
499
501
505
507
512
520
526
527
532
540
547
550
558
554
565
562
563
558
554
542
537
531
526
521
518
516
513
511
514
515
513
516
519
522
523
528
534
527
530
537
538
541
542
547
546
541
538
534
528
520
515
512
509
509
512
513
516
518
522
524
526
529
532
536
537
540
542
546
550
550
544
539
534
532
528
521
513
508
503
499
495
492
490
488
490
489
490
490
490
494
499
504
504
507
509
510
511
510
512
511
510
508
508
508
510
510
512
513
511
510
506
504
500
500
500
500
503
503
507
513
518
522
519
522
526
528
534
537
543
544
543
537
533
528
525
524
521
519
517
517
517
515
514
514
514
513
514
518
523
527
530
542
546
543
547
548
548
544
541
537
535
533
531
531
527
529
527
528
530
530
527
535
536
534
530
526
523
519
512
503
498
496
487
496
499
505
503
520
541
546
542
538
542
542
537
533
533
529
525
524
522
520
532
545
551
551
548
541
534
526
517
508
503
499
494
496
495
499
522
604
646
722
709
671
626
604
591
580
566
561
554
548
546
543
542
535
530
528
521
522
520
520
515
515
507
507
505
500
495
490
487
482
483
477
469
465
466
463
460
462
461
471
516
566
640
695
692
685
681
652
616
583
569
563
569
578
586
597
603
602
590
587
580
583
578
579
581
575
575
569
564
565
564
567
572
573
576
568
567
571
567
560
559
554
544
536
531
525
521
527
534
549
570
583
585
581
578
573
567
558
556
550
548
547
553
562
556
569
572
562
563
563
564
565
563
558
560
555
550
549
547
542
541
540
543
543
545
549
553
553
552
550
547
545
542
541
543
545
547
550
551
553
551
561
558
559
559
551
547
549
543
537
533
527
525
521
523
532
542
553
560
568
572
576
569
561
560
557
555
556
559
558
550
552
552
547
540
537
531
530
528
528
529
530
530
531
532
532
533
534
538
540
544
547
548
554
553
553
550
543
540
540
533
529
529
528
530
528
527
526
521
521
517
514
516
517
520
526
538
552
551
556
558
558
558
554
552
550
548
547
545
542
545
549
552
549
548
546
543
540
537
537
536
536
537
539
543
545
545
546
542
540
541
535
532
528
524
521
518
515
509
511
512
510
514
518
527
534
542
546
543
542
541
543
542
541
537
532
527
521
513
505
501
500
495
491
488
487
484
479
488
479
473
475
464
467
464
465
459
459
452
450
447
445
443
440
438
435
438
454
480
537
579
654
729
771
764
744
704
1087
604
546
560
576
579
580
578
574
575
572
573
574
576
577
581
576
587
594
602
607
612
609
605
601
604
602
598
592
578
574
572
571
570
565
569
571
572
575
569
569
565
570
572
576
572
579
582
578
574
574
572
569
570
566
567
565
564
569
574
576
571
567
565
561
560
561
561
567
574
595
610
630
636
606
604
596
590
584
579
575
570
568
572
575
576
574
573
571
572
570
571
569
569
572
582
582
582
578
580
583
584
581
579
574
577
587
582
583
580
583
585
579
577
575
573
571
575
577
581
571
570
569
569
567
573
581
591
590
596
597
602
603
606
608
607
613
608
610
606
604
594
593
591
591
591
589
589
583
581
580
583
588
581
581
581
581
579
582
583
585
586
579
577
573
568
567
563
560
555
549
549
550
542
538
538
540
545
549
549
547
538
531
526
526
529