1237
1171
1020
1002
1045
1114
1014
953
1039
1138
1090
1086
1062
1030
1008
1056
954
900
905
1037
1047
1053
1172
1135
1071
1069
1147
1085
917
969
1172
1115
1023
898
914
1142
1300
1179
1078
1098
1230
1234
1126
983
899
998
1316
1211
1095
1018
1137
1238
1121
959
949
990
1023
924
944
985
995
938
944
985
1066
1032
936
975
921
893
979
1203
1164
1027
935
946
1090
1205
1086
932
941
1039
1110
1195
1161
1110
979
869
879
997
1135
1041
928
953
1037
986
887
889
940
903
857
839
901
955
1016
983
994
1072
1105
1001
966
950
915
835
839
844
848
870
802
732
712
677
672
706
743
760
759
726
736
744
770
766
720
724
699
695
714
705
704
685
680
670
667
667
655
642
631
629
623
628
629
642
646
659
661
678
675
646
630
615
593
581
570
573
566
563
571
567
571
568
564
563
579
584
581
582
590
606
611
604
605
615
647
665
648
637
624
615
622
618
613
612
605
596
596
586
585
591
594
602
619
626
620
600
597
587
588
594
614
613
614
608
610
605
613
606
614
602
604
613
627
643
643
643
641
623
615
604
594
587
588
585
585
595
595
601
617
612
626
607
595
583
572
560
556
553
559
560
573
605
646
642
634
637
634
634
614
608
607
606
600
595
587
587
593
618
646
636
624
610
606
605
598
604
592
585
579
583
577
587
591
596
594
588
585
594
585
590
581
586
588
593
600
603
603
602
604
597
601
606
609
609
603
596
585
587
575
579
582
584
589
586
594
593
601
600
599
594
596
597
606
596
589
592
603
615
617
618
623
622
639
628
637
636
627
625
610
596
593
590
593
604
630
663
710
698
692
670
653
644
638
620
599
599
595
608
631
627
628
642
669
673
650
646
631
630
608
598
600
602
617
638
639
643
659
689
683
675
690
689
687
673
643
632
625
618
628
654
645
666
658
706
729
737
749
722
693
669
653
653
636
634
639
634
624
625
618
625
636
643
645
636
641
644
642
635
631
625
612
598
595
585
585
600
614
631
658
705
681
667
651
647
650
661
644
646
632
628
613
608
607
604
598
592
590
598
591
588
580
581
564
575
569
585
596
619
600
608
618
631
624
630
616
639
646
662
650
637
623
606
605
605
615
605
596
587
574
573
584
591
600
595
588
576
583
571
578
574
577
574
574
575
571
565
557
553
555
558
560
578
583
585
585
594
589
595
594
607
618
619
603
604
603
615
628
640
631
610
605
596
588
587
583
599
603
623
645
649
639
636
646
637
632
635
637
638
617
617
604
604
592
597
590
586
574
573
562
562
560
559
560
560
572
575
596
598
619
621
633
606
596
575
556
556
564
578
605
608
645
680
699
699
693
661
616
607
596
601
606
596
587
588
591
610
611
605
597
592
593
612
623
620
604
603
583
578
572
564
564
562
562
556
556
556
563
573
584
589
600
594
587
579
567
564
569
562
547
539
536
532
525
528
524
512
515
514
515
512
501
499
498
503
498
493
495
497
487
487
491
488
487
479
480
480
483
484
486
500
501
503
503
507
513
513
503
501
495
493
495
497
493
488
493
492
494
494
491
498
495
497
498
489
490
491
493
495
487
484
479
484
479
476
476
472
471
471
467
461
460
462
460
457
458
455
460
460
456
459
458
455
455
461
459
459
457
459
462
466
464
468
470
470
467
475
476
474
475
474
470
470
471
472
468
469
466
467
471
469
469
467
463
468
465
468
469
470
469
470
476
480
479
479
477
488
485
484
482
479
487
489
489
489
485
481
480
479
475
476
476
475
473
476
468
472
474
474
473
467
472
474
471
472
465
468
474
472
472
470
472
477
475
474
468
470
473
470
469
469
465
470
469
471
473
468
471
478
477
471
475
478
482
482
483
483
479
479
483
480
477
476
471
475
472
468
468
469
472
468
466
463
463
464
464
465
466
467
469
473
479
472
474
475
476
476
473
470
470
472
470
463
462
460
455
455
458
456
458
451
453
458
460
461
459
458
459
463
461
460
458
453
449
454
452
449
446
445
447
452
446
447
449
448
450
453
453
457
453
455
463
463
464
462
465
466
469
469
468
465
465
467
467
467
470
472
470
466
467
465
469
469
468
471
468
465
468
470
469
466
464
466
463
461
460
459
457
451
451
453
450
451
446
451
452
456
458
462
464
469
468
469
471
467
467
467
466
463
460
456
450
452
453
448
447
445
439
439
440
441
438
435
435
437
435
438
436
434
435
435
435
439
438
438
434
435
438
438
434
436
435
433
438
440
438
439
438
441
444
444
444
445
438
441
444
441
438
438
437
437
438
437
436
433
438
440
438
442
443
439
441
445
446
448
448
448
451
451
452
451
448
450
449
452
455
453
456
458
460
460
463
463
458
456
461
460
459
459
460
459
462
464
463
466
464
463
465
470
470
468
462
470
469
468
465
463
456
461
458
455
453
449
452
455
452
451
453
449
451
454
458
455
454
450
453
457
456
454
454
453
454
458
457
458
456
455
459
464
456
454
450
447
447
446
450
451
449
453
454
456
455
459
463
466
465
470
470
475
474
465
466
470
468
467
464
468
475
473
475
475
474
479
477
479
475
473
481
476
471
471
468
468
469
465
468
469
469
472
467
473
474
477
479
476
473
472
474
474
468
468
464
464
467
468
468
464
461
469
465
463
459
458
463
459
461
462
464
465
468
473
471
468
467
467
461
454
456
460
456
453
450
458
455
453
467
465
464
475
481
481
478
483
486
483
477
476
479
479
478
476
476
466
462
470
465
459
456
458
462
459
459
460
461
459
455
465
458
456
455
458
462
457
460
462
461
462
461
464
468
463
461
461
453
455
461
458
455
450
455
463
462
467
476
479
480
473
477
480
474
472
466
469
473
471
466
463
461
456
453
456
456
452
450
451
451
454
458
460
464
472
479
480
488
491
505
508
508
511
519
522
517
517
521
532
543
552
554
549
540
540
538
555
565
557
556
580
605
603
596
607
642
661
649
629
641
666
655
648
671
715
682
658
657
691
681
661
652
681
667
655
688
731
704
675
662
681
730
702
688
693
721
732
698
654
638
628
619
609
602
602
613
628
625
614
617
660
712
728
706
664
650
656
646
646
669
659
653
661
710
757
759
707
674
666
679
686
685
736
776
735
745
748
721
724
759
744
710
702
687
640
632
645
688
711
703
669
638
622
640
669
707
732
745
705
656
631
633
674
746
763
763
720
666
635
604
583
575
577
585
591
604
681
799
868
894
890
862
823
768
736
727
731
724
696
696
712
741
739
787
834
857
803
787
761
725
682
667
658
634
624
618
634
668
697
744
728
686
673
650
641
636
626
621
602
604
588
572
563
561
557
556
564
581
611
634
654
659
654
649
637
627
619
610
605
598
588
581
567
561
556
555
540
531
527
532
525
517
525
520
514
507
512
507
500
495
505
496
490
486
493
489
480
478
477
478
473
469
462
461
465
460
453
451
452
448
445
440
438
443
441
436
436
436
434
440
433
432
429
429
429
431
430
429
429
431
429
433
435
436
435
438
442
441
442
444
446
448
445
445
446
449
448
450
448
450
452
456
452
453
454
453
458
459
460
459
457
462
463
462
463
466
462
468
469
470
470
473
470
470
471
473
470
471
470
475
479
482
483
481
480
480
480
482
482
481
481
478
480
486
483
480
479
472
475
477
470
469
468
461
462
464
464
462
464
470
469
474
476
476
480
489
482
485
489
487
488
491
490
487
491
489
488
493
499
509
515
516
515
513
513
516
519
513
516
516
517
517
516
514
514
514
514
508
514
508
507
512
511
515
511
512
516
516
517
515
517
518
519
521
521
527
526
532
545
532
537
533
536
537
534
532
532
526
526
530
537
532
528
533
527
526
534
528
539
533
526
527
521
517
524
521
523
521
522
527
526
524
522
520
517
520
518
526
527
528
531
531
534
537
535
532
531
532
536
530
529
539
535
542
538
535
542
538
544
537
543
545
547
546
546
535
537
538
535
536
529
534
534
532
525
536
528
528
530
534
536
534
536
525
529
529
525
523
526
524
535
533
542
553
556
546
537
540
527
525
520
524
527
521
530
529
531
542
542
542
554
552
551
549
545
545
542
545
549
563
554
550
559
555
550
548
553
545
548
544
533
531
539
529
524
524
511
509
516
511
507
505
507
512
513
517
521
520
516
515
515
512
510
504
503
506
502
508
512
510
520
523
525
527
527
532
529
527
522
525
529
526
526
515
513
515
505
500
493
492
500
494
491
489
486
487
490
486
489
484
484
489
485
485
482
482
489
487
490
485
488
491
488
488
490
487
487
489
488
485
487
486
486
489
486
492
491
491
497
495
503
505
502
505
501
506
504
499
502
500
500
499
505
502
497
504
498
499
500
499
495
497
499
502
495
500
499
501
507
504
508
509
511
512
512
516
515
519
512
514
516
514
516
514
514
516
511
511
504
500
500
498
501
507
509
521
521
521
519
514
507
508
506
498
488
491
492
492
493
491
501
500
506
502
509
510
505
509
508
507
508
504
501
501
492
491
496
488
489
489
491
485
484
492
486
485
487
481
479
481
486
481
479
477
480
485
485
486
490
490
482
480
485
487
480
479
479
485
484
479
480
479
482
482
481
481
481
488
486
490
490
494
499
498
502
504
496
496
503
498
500
500
496
503
499
501
497
504
508
505
509
513
511
514
515
524
542
547
542
542
549
560
556
547
540
540
550
583
621
629
608
609
635
654
664
682
699
674
646
629
609
604
596
581
603
677
776
743
694
690
700
698
685
672
679
673
679
694
690
684
653
624
604
594
618
706
732
778
887
847
846
817
762
709
663
659
685
681
667
657
676
687
676
688
747
801
785
808
837
820
755
733
751
758
735
718
728
767
774
743
735
729
745
731
729
745
808
807
761
728
720
749
767
784
813
828
821
824
820
770
745
729
747
736
731
749
797
799
747
717
708
728
740
761
771
764
741
733
787
854
837
802
799
797
807
775
729
713
711
698
688
673
651
661
706
757
771
766
792
765
745
701
649
617
611
605
618
643
655
641
627
637
650
701
751
713
665
628
607
598
576
563
560
558
551
550
546
542
530
531
531
519
511
501
491
495
486
475
473
468
460
459
449
450
448
444
438
429
425
419
419
418
413
409
402
403
400
399
396
394
392
389
387
389
385
383
382
380
378
380
380
379
378
379
376
378
379
378
377
378
375
375
374
377
377
377
376
375
375
373
378
378
376
376
373
376
377
378
377
376
376
376
379
380
379
379
375
380
378
382
381
381
382
379
381
381
383
383
383
383
378
383
379
383
380
379
379
377
377
378
380
377
376
375
373
373
374
376
374
374
372
373
368
371
371
372
372
371
369
368
367
369
367
372
368
367
367
366
367
365
368
367
366
367
363
366
363
367
368
365
366
365
363
366
365
367
365
367
366
363
366
365
366
368
365
366
366
364
367
366
367
368
365
365
366
367
369
368
366
369
362
368
367
369
370
367
367
366
367
369
368
368
368
366
367
367
366
369
368
368
367
365
367
369
368
371
369
367
368
367
368
370
369
369
370
367
365
368
367
371
368
367
367
366
367
369
369
368
367
365
366
367
366
368
367
366
365
364
365
367
367
367
366
365
364
367
368
371
369
369
370
368
368
371
370
372
371
370
371
369
370
373
372
372
373
371
369
370
370
370
369
370
370
366
366
368
365
364
365
368
366
363
364
363
363
365
364
363
362
361
360
361
360
362
364
361
361
362
359
363
364
363
364
363
363
362
364
366
367
367
365
367
364
366
368
368
368
369
366
368
367
367
371
372
372
373
374
374
375
377
381
382
380
382
383
381
382
384
384
384
382
382
382
379
383
385
386
386
388
388
390
391
394
396
391
392
390
389
389
389
389
389
385
385
386
388
390
388
387
386
388
391
390
388
387
389
390
389
389
390
388
390
387
389
389
393
393
390
392
387
390
392
391
392
390
390
390
389
389
391
388
386
390
390
388
383
387
391
391
391
390
390
389
393
392
392
391
390
391
393
392
392
392
392
392
391
390
390
387
386
388
388
385
387
386
386
383
386
385
388
385
384
385
386
386
387
388
387
389
390
393
392
393
393
394
393
396
396
396
394
393
396
396
398
396
396
394
396
396
394
392
396
396
395
393
391
392
393
394
391
391
390
389
391
391
393
389
391
388
393
391
392
390
391
388
390
391
388
389
389
388
386
388
390
388
390
386
387
384
388
390
389
389
389
385
388
389
388
388
385
383
383
384
384
381
381
377
375
372
373
372
373
368
368
364
366
365
367
363
361
360
359
359
361
361
359
358
357
355
356
357
357
355
356
354
353
354
354
356
354
354
354
352
353
355
356
355
354
353
354
353
354
357
355
355
354
354
355
357
360
358
357
356
355
355
356
358
359
355
358
355
359
361
361
361
362
361
364
361
361
363
363
365
361
362
365
365
365
364
364
367
371
368
369
368
371
369
371
373
374
373
372
371
371
371
374
374
372
370
370
368
369
365
368
368
368
367
366
366
368
369
372
369
372
372
371
372
374
377
378
377
380
379
379
381
383
385
386
385
387
384
389
390
390
390
392
390
392
393
395
393
390
390
385
388
389
387
388
385
388
385
390
390
391
390
387
385
381
383
383
383
383
379
382
381
381
379
382
380
379
378
378
376
377
379
378
377
378
378
379
380
383
381
381
379
381
381
382
383
380
381
380
380
380
382
381
382
382
379
378
377
377
377
377
376
374
372
370
368
371
369
371
369
368
366
368
368
370
370
370
370
370
370
373
374
372
372
371
371
369
367
368
367
370
365
366
364
363
363
365
364
363
362
362
362
362
363
365
363
363
362
363
362
362
361
364
362
362
361
360
359
360
356
361
357
355
353
354
354
354
354
349
348
347
351
350
346
343
343
346
343
341
339
338
342
339
339
339
341
331
331
339
334
338
332
328
334
331
335
327
331
330
331
331
327
326
331
329
333
327
322
326
330
330
325
324
324
328
326
327
324
325
322
331
328
324
319
326
328
326
323
320
323
331
321
321
325
326
328
320
321
320
323
326
325
317
323
328
323
322
319
324
327
322
321
319
325
324
320
319
320
322
326
320
317
321
325
323
320
317
320
326
321
316
319
324
321
319
317
319
323
322
320
318
323
321
318
316
317
324
321
315
320
321
318
318
320
322
315
318
321
321
318
316
323
321
315
316
322
316
318
317
321
317
314
317
320
318
313
316
321
318
317
315
320
316
316
312
322
317
315
313
319
319
317
314
316
318
318
312
313
316
318
317
312
316
317
317
314
315
319
317
317
313
319
318
318
316
316
319
321
317
316
319
323
321
319
320
323
323
323
318
323
325
325
324
323
323
324
324
328
327
327
327
323
333
331
332
329
330
334
332
333
329
334
334
334
335
335
334
335
338
338
337
336
336
338
341
338
339
337
339
342
339
340
338
342
342
342
341
341
340
344
343
344
343
344
342
343
346
346
345
345
344
346
349
347
349
347
347
348
350
346
349
349
350
350
349
350
350
352
353
354
353
354
353
354
359
356
356
356
358
359
359
360
360
361
364
362
364
362
359
367
362
362
362
363
362
364
363
364
362
366
367
363
367
365
369
368
368
368
373
372
373
373
370
373
374
372
373
372
371
374
375
375
374
376
375
376
377
377
379
378
378
376
376
381
381
380
382
381
383
383
387
387
388
387
387
389
392
392
393
392
396
397
399
400
400
401
404
404
406
407
404
404
406
404
401
403
401
401
400
401
400
400
401
398
400
400
400
404
404
405
405
408
409
411
414
411
413
413
415
415
418
417
416
420
422
424
423
421
421
415
418
414
411
414
420
416
418
420
425
426
429
432
435
433
432
430
427
430
430
432
433
437
438
442
445
446
450
452
458
462
469
468
466
464
458
460
461
467
474
479
483
492
501
500
490
501
506
517
519
514
512
514
516
514
510
512
514
521
518
523
530
520
515
515
514
518
513
508
514
517
520
522
523
516
521
523
510
521
521
519
518
517
514
505
500
507
518
540
554
536
537
543
551
563
544
556
552
554
547
554
554
545
552
549
550
554
559
549
563
563
577
563
579
577
590
574
588
579
587
590
561
574
564
565
564
564
568
569
566
555
558
555
560
568
569
563
572
572
584
587
592
574
585
570
577
561
575
578
574
570
579
577
587
577
595
592
592
577
590
580
569
560
573
576
586
595
597
586
577
586
581
585
577
590
600
618
609
622
615
621
603
615
609
613
598
613
607
612
596
611
606
611
616
622
629
608
604
606
603
604
604
593
607
608
610
610
600
590
604
600
608
618
620
605
611
611
611
617
622
620
610
628
625
632
590
393
266
614
620
616
621
629
635
635
634
621
608
621
618
641
639
649
641
648
642
625
643
635
635
641
645
628
622
630
623
633
638
638
636
617
621
607
600
591
588
620
632
665
694
659
674
666
663
642
657
648
655
655
658
654
633
635
629
629
622
629
627
630
634
624
627
631
634
648
639
643
653
656
662
647
667
671
683
645
662
670
663
638
664
655
660
642
654
652
650
639
646
645
632
654
653
654
653
647
638
623
625
619
616
612
618
626
636
646
637
655
654
664
644
655
651
651
630
648
638
634
632
628
623
614
613
614
610
609
624
634
657
645
664
659
672
651
662
660
657
649
621
628
618
620
618
618
630
632
640
626
632
636
645
654
652
639
651
641
642
643
634
629
635
637
648
637
651
646
651
635
650
646
648
635
646
643
648
644
646
659
659
653
641
650
647
646
636
644
640
641
630
633
634
633
631
627
637
638
649
641
651
656
666
659
654
666
660
663
661
664
647
645
646
644
651
641
635
645
644
652
639
658
654
660
662
644
666
652
646
641
651
655
654
647
660
658
656
643
656
651
652
640
647
640
639
625
639
635
645
641
646
654
661
651
654
660
663
652
653
656
656
641
638
642
642
648
642
655
655
662
646
649
646
646
637
635
640
637
643
636
647
641
636
646
644
647
634
638
638
643
646
638
649
650
656
643
647
646
646
642
634
643
643
650
639
646
649
657
655
654
658
659
665
646
657
650
651
640
652
647
655
646
660
661
666
647
656
643
635
633
630
626
634
633
631
628
636
638
644
635
646
645
650
645
646
648
651
641
641
645
646
650
660
649
646
649
647
645
633
640
637
644
638
654
662
660
668
674
682
670
655
653
646
643
642
634
638
630
627
623
612
611
609
604
606
609
629
612
602
599
601
593
595
602
610
615
621
631
634
645
654
663
658
655
653
627
621
615
609
614
609
620
619
636
651
647
651
656
672
667
668
648
654
644
646
651
643
651
642
630
629
638
643
667
673
675
679
678
657
662
654
657
643
654
654
657
659
663
644
643
640
636
622
637
639
647
650
657
642
646
640
635
628
622
616
603
609
593
587
582
577
583
578
580
592
610
635
693
686
682
668
665
650
641
629
617
605
599
591
586
577
586
589
624
655
682
670
687
667
679
677
652
666
653
650
636
650
644
653
646
659
657
649
655
651
652
649
639
646
637
639
662
672
659
682
670
655
670
668
677
656
658
651
647
635
644
643
647
640
640
645
642
645
636
654
651
657
653
649
638
638
635
631
627
629
638
630
644
644
649
657
658
652
654
647
644
650
651
644
648
651
654
658
650
650
643
646
643
640
635
650
658
659
651
640
642
631
633
630
636
637
644
640
657
652
637
649
635
633
618
631
625
617
619
618
615
622
619
610
602
617
611
615
618
624
622
621
618
612
602
602
603
605
626
652
660
685
689
696
668
646
651
634
628
627
623
614
604
609
597
590
587
594
594
593
594
604
608
615
608
619
611
613
612
608
606
603
591
593
588
579
588
586
591
602
609
607
614
611
610
608
602
609
601
601
594
607
604
607
614
612
625
625
631
620
616
608
598
598
588
582
582
577
578
580
588
592
600
592
605
596
580
596
582
584
581
579
584
574
582
579
575
573
578
584
579
588
587
590
581
577
585
582
579
581
587
596
602
604
604
602
598
578
592
584
581
586
585
591
604
613
625
630
616
629
612
608
603
604
604
604
601
601
592
600
595
597
607
609
624
624
640
659
672
671
655
659
650
656
659
666
631
649
640
641
651
656
687
691
679
675
674
671
667
653
662
659
641
659
654
665
683
694
665
680
670
664
648
653
649
652
646
659
667
639
664
673
666
669
675
682
676
660
661
655
650
639
663
647
664
666
681
692
654
683
660
658
654
643
630
627
629
623
631
645
659
648
656
655
645
650
645
644
650
648
631
645
633
632
635
647
649
638
641
631
635
637
634
648
649
656
649
663
649
645
634
633
615
613
611
611
614
609
611
608
599
596
599
598
587
595
587
588
581
587
583
590
598
600
601
604
609
608
601
603
597
597
602
597
597
603
602
595
602
599
606
602
611
633
646
639
648
639
646
644
639
641
617
623
615
622
622
629
644
665
654
662
664
666
667
654
649
644
632
627
622
621
609
621
615
624
629
642
653
675
690
680
655
655
639
617
624
623
627
632
635
623
630
625
630
620
632
641
641
646
650
648
648
642
646
646
645
619
627
618
613
611
608
610
607
610
604
599
595
607
627
696
683
688
686
682
673
656
637
623
623
611
604
602
606
608
616
618
632
642
666
696
681
679
681
678
674
654
646
636
632
626
616
616
614
608
620
630
643
646
643
645
646
645
633
633
624
635
628
628
631
621
618
621
615
612
619
627
611
629
621
613
608
608
608
606
605
597
599
593
592
593
607
620
662
673
677
658
659
657
654
649
652
641
645
634
633
629
624
625
619
620
612
616
616
620
621
632
643
646
645
639
628
624
619
614
616
617
612
606
623
609
611
618
630
629
638
636
634
626
624
627
628
626
621
628
637
632
631
634
638
648
650
650
646
639
628
617
609
601
601
590
591
603
604
640
692
707
712
673
676
660
644
633
615
615
605
601
601
606
618
632
627
641
630
630
676
819
856
771
722
683
660
637
633
630
623
631
642
699
783
798
760
726
727
714
700
686
673
659
646
635
622
597
600
595
600
610
633
652
654
665
662
679
688
688
688
690
702
694
680
678
666
662
656
658
656
645
643
633
622
617
624
629
664
717
761
783
770
748
696
690
660
646
651
636
648
647
657
674
656
662
671
675
675
666
647
655
643
650
685
691
731
751
761
761
743
725
703
661
665
639
628
623
642
664
686
671
689
679
684
688
688
668
678
654
645
641
639
635
633
626
622
629
625
663
698
749
766
753
740
685
678
649
634
629
621
629
650
696
749
695
700
689
713
709
731
714
712
705
691
665
663
645
643
651
654
651
652
663
661
684
681
672
680
688
691
675
670
669
663
658
643
647
638
632
636
644
651
667
686
696
696
690
683
672
646
659
648
678
710
750
756
682
677
650
649
646
660
649
654
670
688
681
683
660
649
640
633
625
619
621
600
610
605
604
605
601
612
611
636
699
748
730
739
761
763
735
687
672
655
640
629
621
616
612
619
604
608
624
645
667
672
655
670
669
691
722
736
702
700
676
669
647
656
646
652
645
648
641
638
635
631
628
626
629
628
634
638
657
688
695
670
671
660
669
675
647
655
656
659
662
661
654
649
639
632
616
614
617
632
676
693
678
677
696
705
750
745
768
756
728
716
708
688
681
672
666
667
658
655
650
662
684
764
802
807
785
788
760
711
707
673
659
656
668
685
670
686
668
675
681
674
673
669
653
642
635
630
624
631
656
696
713
715
689
688
697
694
693
681
661
657
641
638
658
657
670
700
719
728
716
696
686
674
664
653
642
630
621
618
613
622
641
670
673
676
680
677
666
667
651
651
642
648
663
673
674
696
701
731
725
732
690
672
661
650
645
634
622
618
607
608
643
751
806
855
847
795
770
750
722
692
671
661
646
643
646
651
665
654
665
683
688
680
686
679
685
706
719
731
741
754
761
738
762
762
768
750
716
697
675
660
655
655
654
652
649
645
630
628
623
624
630
638
642
644
648
653
638
632
622
625
621
629
641
648
644
633
629
612
612
595
587
584
582
588
594
595
607
616
645
650
649
650
662
654
645
628
614
605
598
594
587
584
582
586
592
625
688
828
937
898
822
812
766
728
716
691
679
672
661
653
653
660
679
703
762
799
799
780
734
732
680
654
642
636
637
634
619
617
620
607
618
654
702
736
734
722
700
670
666
643
632
636
646
663
670
652
655
660
660
655
648
640
631
612
606
612
601
595
608
665
760
804
811
788
736
706
684
673
673
668
672
674
686
715
751
729
771
757
767
766
748
717
720
699
694
699
704
703
682
662
648
647
641
646
650
654
656
653
649
630
643
621
612
623
644
669
701
705
688
668
658
653
653
648
642
643
625
620
626
639
653
650
666
674
664
672
683
687
687
681
667
659
646
623
624
608
608
620
641
676
714
731
731
700
700
685
682
676
668
666
659
652
643
625
618
625
635
669
697
717
790
806
770
771
786
795
716
722
702
684
676
669
645
648
644
649
660
649
659
670
687
697
706
707
699
689
672
658
649
646
642
669
729
795
857
856
812
792
752
724
705
695
693
694
680
688
695
749
861
831
835
778
748
734
721
710
684
674
660
642
657
682
725
747
760
751
730
692
674
656
638
636
662
711
734
714
721
718
734
732
745
757
773
772
742
754
694
710
702
702
702
696
690
666
664
654
648
630
647
634
638
658
682
693
697
692
676
657
646
639
624
633
630
639
656
678
697
691
692
669
669
663
650
651
637
637
640
647
646
658
650
662
697
704
697
713
691
707
680
685
700
719
712
701
696
685
675
666
660
649
636
635
638
665
745
835
874
874
837
794
749
717
688
646
638
625
626
655
729
791
824
842
816
786
749
690
705
664
646
648
669
701
740
758
765
758
745
718
708
683
686
708
760
828
851
761
729
747
736
755
771
781
769
747
716
683
659
643
629
621
614
606
607
634
697
790
827
828
806
776
745
712
682
666
657
658
661
663
662
657
656
661
647
648
643
634
638
672
726
776
801
729
733
702
690
673
665
641
641
642
640
640
640
639
647
641
655
691
746
778
773
754
744
723
683
680
675
678
669
685
726
764
795
801
779
763
748
729
695
699
688
686
689
698
705
716
716
733
740
758
726
719
703
699
692
684
672
660
650
627
628
617
623
659
750
825
830
806
787
751
716
693
670
668
650
653
716
718
739
710
853
835
840
842
798
762
713
688
670
667
666
663
688
725
778
824
839
827
774
748
727
723
718
720
717
710
703
670
690
660
649
654
662
663
663
664
655
660
652
659
660
664
672
672
668
668
683
695
701
746
770
769
744
700
667
659
645
640
640
643
642
640
634
631
627
633
625
636
631
685
717
762
753
750
692
694
682
680
671
663
658
655
653
659
657
654
691
762
833
903
904
888
862
826
771
767
736
741
771
755
804
812
808
809
774
774
766
744
722
717
684
684
716
742
750
731
709
684
667
650
631
635
625
649
756
902
863
876
895
846
755
733
701
676
683
648
631
622
621
619
618
617
615
619
632
621
631
649
681
764
825
762
738
721
719
703
695
680
669
668
647
640
632
631
636
652
680
727
778
747
741
700
693
660
676
674
674
676
682
680
691
707
707
709
689
695
702
708
708
699
667
661
664
662
684
703
729
759
755
745
723
716
687
691
715
746
721
727
713
702
688
664
645
627
628
607
597
605
601
618
661
690
710
705
688
682
677
688
700
719
719
716
717
699
694
687
685
685
668
658
665
689
709
713
702
685
660
654
659
682
751
874
960
942
888
892
885
833
771
758
747
742
715
714
680
671
681
695
682
689
674
661
656
642
649
681
729
695
680
687
716
750
751
726
711
681
667
666
661
660
661
670
655
660
720
828
864
840
803
784
785
792
777
758
735
718
700
710
731
796
859
877
898
925
917
814
790
773
761
737
719
699
714
731
767
819
884
902
870
806
788
742
745
749
793
842
838
864
863
810
806
788
783
824
854
890
887
829
848
835
797
810
801
776
767
754
726
725
717
710
716
736
737
715
710
683
670
671
664
657
680