553
559
577
582
589
594
564
559
563
555
561
573
583
594
581
566
563
567
571
574
577
574
570
556
553
545
551
550
559
582
601
580
572
582
569
578
572
563
547
536
534
531
529
524
517
514
512
512
506
519
521
533
553
561
562
561
570
568
566
547
553
544
540
531
533
537
539
537
542
541
530
528
530
532
531
531
528
524
521
516
516
517
516
517
526
552
580
592
571
585
583
599
589
588
578
570
565
559
544
539
543
537
542
558
580
599
611
626
617
588
607
597
608
607
604
600
593
581
565
561
558
564
579
608
642
661
651
634
581
597
580
582
592
589
575
565
579
568
562
555
543
551
551
567
595
610
600
629
621
629
619
604
589
573
549
555
545
542
550
557
562
566
561
576
588
613
622
619
616
595
575
588
571
567
564
564
564
551
547
536
546
551
586
622
650
665
643
592
576
573
568
566
564
564
561
555
539
533
529
533
538
578
616
617
621
575
549
535
520
523
523
523
529
531
529
511
513
500
494
487
490
491
489
490
490
494
495
495
494
493
488
492
491
488
489
489
486
484
493
496
510
540
580
569
575
567
551
540
522
522
515
507
501
497
496
502
503
501
504
511
513
517
520
526
526
527
525
524
517
506
507
502
498
493
492
490
492
498
500
507
517
512
528
526
530
530
521
520
522
516
511
508
506
496
495
499
497
497
498
501
505
512
511
522
528
529
537
540
526
531
532
523
515
511
507
507
512
511
507
503
504
521
531
552
550
552
560
553
550
544
533
536
526
518
509
501
499
505
502
506
512
517
547
561
583
574
584
568
569
546
540
546
538
531
524
513
517
515
512
509
504
503
510
514
523
531
532
547
545
540
530
520
520
517
509
502
497
492
497
497
497
496
487
503
505
509
507
506
513
508
505
499
495
493
496
495
493
495
496
497
506
507
508
501
489
485
479
485
484
483
482
480
482
488
488
486
487
493
495
495
497
494
488
486
491
486
490
491
490
490
488
485
492
494
499
508
505
500
502
511
506
504
503
499
493
495
492
486
490
491
495
513
515
521
518
525
522
521
523
515
514
504
506
502
497
492
498
498
496
495
492
500
498
504
510
514
524
522
522
518
513
502
500
501
491
484
480
479
479
482
495
505
565
589
609
600
569
564
551
545
536
530
521
521
514
501
493
487
490
490
492
497
512
521
524
518
524
521
517
507
511
508
500
492
483
484
483
479
476
470
472
479
482
490
501
503
500
508
508
508
507
499
489
487
489
486
482
479
476
476
478
478
479
481
486
495
505
512
510
518
518
511
507
497
498
496
492
483
477
475
478
478
475
472
471
472
473
475
477
477
476
471
474
475
472
474
470
469
471
477
476
472
472
479
485
483
485
492
485
485
490
486
481
473
471
470
472
473
474
479
484
486
484
486
489
492
494
495
491
484
491
490
487
481
479
471
467
470
472
480
500
525
562
572
569
559
552
545
533
516
516
505
494
486
485
489
485
479
472
469
477
482
496
523
534
521
524
523
521
523
510
513
509
500
494
483
479
475
472
478
476
477
481
485
484
485
491
494
496
495
494
497
493
497
495
489
487
482
482
487
488
484
477
478
482
478
478
475
476
479
480
476
473
473
473
481
485
490
494
490
490
495
493
490
484
483
489
488
485
479
480
486
486
489
485
485
480
488
485
482
481
477
481
483
479
479
477
486
491
496
502
499
494
493
496
489
486
484
480
477
475
477
477
477
482
487
498
500
503
502
495
484
481
490
491
483
481
477
475
479
476
472
468
465
472
471
471
471
467
468
474
474
476
475
473
477
479
478
471
466
463
463
463
461
457
457
464
465
467
467
466
476
477
473
464
462
464
462
455
448
447
446
447
442
438
439
440
442
438
438
441
441
444
441
440
442
444
444
442
437
439
438
435
431
429
431
432
431
432
430
426
423
424
423
426
425
427
428
429
433
435
441
447
449
449
446
451
448
451
447
445
443
440
443
444
440
441
440
439
441
439
442
449
453
455
457
454
451
451
451
450
444
443
444
444
448
451
454
457
456
462
468
469
465
461
458
457
458
459
456
454
451
448
446
442
434
435
437
436
431
433
437
440
443
450
452
455
457
460
458
454
452
456
456
451
449
445
447
447
441
437
438
440
438
435
433
438
438
436
437
435
434
432
431
427
430
430
434
438
438
438
445
445
447
443
439
438
434
438
438
435
436
433
437
436
438
439
438
438
438
435
430
428
424
428
430
430
430
429
427
434
434
434
433
435
440
444
445
447
448
447
451
451
451
449
447
448
451
450
446
443
445
443
441
444
456
459
457
458
453
451
454
453
448
446
450
453
455
455
456
456
458
456
451
446
443
447
447
446
443
445
444
447
450
447
444
440
442
441
444
446
444
445
444
442
444
446
449
451
451
450
450
448
448
450
447
446
442
438
438
441
439
438
439
440
440
446
449
449
446
445
445
445
445
444
438
436
434
438
438
437
433
432
433
435
435
429
428
434
432
431
428
428
425
429
428
427
424
423
421
420
423
423
422
422
420
420
424
427
428
428
429
429
431
435
433
430
428
426
426
429
428
430
427
428
427
427
430
431
429
430
429
430
435
439
440
440
439
441
443
445
444
441
437
437
439
439
436
432
432
431
427
432
438
438
437
433
436
433
436
436
433
432
429
428
430
433
436
437
436
434
437
439
440
438
435
433
432
431
434
436
435
432
431
431
435
437
438
438
438
437
438
443
441
441
438
434
434
430
430
434
432
432
431
426
424
422
420
424
427
428
427
428
428
432
432
430
429
433
436
438
434
425
428
429
428
424
422
427
426
426
423
426
424
428
427
425
421
422
424
424
424
427
423
423
425
428
430
429
425
426
427
428
427
423
424
430
430
430
424
427
430
430
430
429
426
427
432
432
433
434
432
431
431
434
432
429
425
426
422
427
430
428
428
427
427
429
433
433
432
430
429
431
433
434
435
430
429
431
428
429
425
422
422
424
425
426
423
422
422
421
423
426
426
427
425
424
425
428
428
429
428
424
423
429
429
429
424
425
427
427
426
427
425
427
428
426
424
424
427
430
429
428
428
427
429
431
431
429
424
426
423
422
428
434
432
433
434
434
432
430
433
434
431
431
428
426
428
430
430
428
423
423
424
423
428
422
423
423
426
428
429
426
424
428
427
429
425
423
423
424
426
422
419
419
419
417
421
420
420
418
413
414
417
416
418
415
415
415
419
418
419
415
415
416
417
417
417
411
411
409
410
411
412
409
410
408
410
412
415
418
421
421
419
421
420
420
422
422
421
419
417
415
415
413
414
416
415
416
416
418
417
417
419
425
427
427
426
425
424
423
424
426
426
423
421
420
420
421
418
422
424
423
422
418
421
417
417
421
428
432
430
429
428
423
421
420
419
420
421
421
418
420
419
420
420
422
427
430
430
433
430
431
435
432
431
428
426
430
431
435
431
430
432
433
434
440
446
445
444
443
444
449
449
448
444
443
446
451
454
459
457
460
468
474
477
477
471
474
475
475
469
466
469
472
472
473
471
481
487
492
489
487
487
497
498
496
495
486
482
481
483
482
483
479
483
485
486
487
485
479
481
485
487
491
491
490
497
501
507
504
509
511
514
510
507
503
501
498
490
492
492
496
498
493
498
499
500
500
499
496
506
514
523
531
529
521
526
521
515
513
504
498
494
496
497
504
515
521
520
527
529
536
538
537
524
514
517
512
508
508
507
505
502
503
509
509
511
510
507
500
489
482
485
488
491
504
505
505
506
502
500
497
495
500
507
513
525
526
521
511
518
520
522
519
513
503
496
495
492
489
492
495
498
498
497
496
495
493
493
489
485
483
492
503
505
510
515
513
512
508
502
499
493
491
494
497
502
514
523
537
542
543
536
531
536
532
527
522
516
509
502
500
498
494
496
501
504
514
515
518
518
521
519
522
526
531
531
532
529
523
528
524
522
517
515
509
510
517
518
521
530
538
540
543
541
531
535
528
525
522
512
513
508
517
526
534
577
558
543
550
538
523
520
511
506
500
493
494
493
493
494
490
490
487
489
484
484
480
477
475
476
474
471
468
464
461
459
455
452
454
457
458
460
461
466
466
468
474
472
473
470
468
466
462
463
465
464
460
460
462
463
464
463
465
465
465
464
470
481
486
483
486
485
482
480
479
479
477
477
476
475
480
481
480
480
480
479
475
480
481
484
488
490
497
494
500
505
505
504
503
498
497
499
494
490
488
485
486
492
497
501
507
501
514
512
511
502
500
507
504
499
495
490
492
492
490
487
489
488
496
502
509
517
511
508
515
513
510
506
500
505
500
496
490
486
483
479
486
493
499
504
508
513
510
518
516
515
513
507
514
510
506
503
503
501
512
510
508
504
505
510
509
502
499
499
494
495
493
496
501
501
503
502
499
502
498
496
493
493
493
495
504
506
501
496
499
491
495
493
489
485
483
485
489
497
507
520
512
520
516
513
509
501
496
499
495
493
492
490
493
497
502
514
514
513
510
509
502
504
501
497
491
492
487
489
492
492
488
490
485
485
478
474
480
482
479
477
475
476
472
474
476
479
484
483
487
488
485
491
490
487
485
485
481
484
486
484
481
479
479
483
485
484
483
484
484
490
492
490
486
483
483
489
488
483
479
479
478
483
485
484
481
481
479
484
483
480
474
474
476
478
479
476
477
477
478
483
481
478
472
471
468
470
472
469
470
470
469
472
476
478
476
475
473
478
479
478
475
474
478
481
483
477
478
474
472
476
475
473
469
469
466
463
459
464
467
465
465
466
467
466
468
470
468
466
466
468
469
468
478
481
480
481
479
484
479
479
474
474
474
475
474
471
468
465
464
466
469
467
471
471
463
462
462
465
470
471
473
472
471
473
474
474
471
469
471
479
481
482
483
483
480
477
482
481
481
480
479
479
479
474
467
467
467
466
469
471
476
477
473
474
476
474
472
469
467
464
462
460
458
453
454
464
484
523
594
601
578
554
543
533
516
518
509
498
489
484
487
484
480
479
475
476
473
472
475
474
485
498
552
610
625
568
557
541
539
525
514
512
512
507
501
494
494
486
485
489
486
484
484
484
494
500
502
506
505
500
497
491
489
502
501
500
494
490
484
479
479
481
498
555
730
648
678
669
662
629
595
580
545
526
521
511
519
516
510
506
500
509
509
509
508
502
508
508
516
518
513
521
521
521
508
517
514
513
496
500
504
500
501
501
495
504
506
504
508
503
512
512
510
505
500
504
502
499
498
494
501
504
509
507
514
510
510
505
501
505
503
499
496
492
489
496
497
495
495
489
486
487
487
481
481
474
469
472
471
475
473
475
483
487
494
496
492
501
504
503
498
491
496
497
494
494
494
491
498
501
504
505
510
503
512
513
509
506
505
509
510
510
507
506
513
520
527
532
525
531
529
524
521
515
507
507
512
514
521
528
537
528
539
541
541
522
535
533
526
522
515
511
512
506
502
499
496
497
493
514
540
559
591
612
611
578
578
565
561
557
546
542
539
532
528
528
529
531
533
531
530
533
529
529
525
526
525
540
573
590
594
598
589
563
563
557
552
548
548
546
547
552
554
565
582
577
605
595
596
566
580
574
579
573
583
590
591
589
566
577
563
568
566
564
565
555
549
543
533
524
517
510
504
496
497
504
544
679
692
684
646
631
623
613
582
566
556
536
534
523
514
506
504
498
504
506
513
521
532
538
554
565
588
561
568
563
556
551
540
530
521
514
507
503
498
501
511
530
565
594
611
586
590
612
606
597
580
556
539
543
532
530
532
542
546
547
559
559
551
550
549
546
543
543
541
542
542
547
547
553
553
548
546
540
534
537
524
533
532
541
556
564
569
562
553
560
551
537
520
530
526
522
532
530
518
521
515
514
513
506
503
495
493
483
475
471
463
455
456
452
449
446
442
437
433
436
437
435
438
438
439
440
447
447
442
445
443
444
446
443
441
436
437
432
432
431
432
430
426
427
422
418
419
417
413
411
406
404
406
404
401
399
396
395
391
395
396
391
393
393
389
391
394
394
396
396
395
397
399
396
399
400
397
395
396
396
394
393
394
394
393
391
388
390
392
389
387
385
386
389
387
385
383
383
387
387
383
383
382
384
383
382
382
381
381
383
384
387
384
385
382
380
380
381
382
380
376
378
376
377
378
376
375
374
373
375
372
373
371
371
371
370
370
370
369
367
363
367
365
367
367
367
365
364
366
365
364
365
361
364
361
362
359
361
359
360
360
360
359
357
358
358
360
359
357
356
357
356
357
355
354
354
354
356
354
354
353
354
354
356
354
354
354
354
354
355
354
354
353
353
352
354
354
354
352
354
350
354
353
353
352
352
351
353
351
348
349
349
348
351
351
348
350
350
350
349
350
348
350
350
350
347
349
348
349
352
350
350
350
347
351
351
350
347
350
347
350
349
348
347
348
349
349
350
349
348
352
351
353
352
351
352
353
354
354
354
352
354
354
356
353
352
351
353
352
352
349
350
350
349
351
348
348
348
349
349
347
347
348
351
350
349
350
351
352
353
351
352
353
354
354
352
352
350
353
354
354
354
352
352
353
355
353
353
352
355
355
357
358
358
361
362
364
363
364
366
367
366
363
365
366
367
366
365
365
367
365
362
365
365
361
361
365
366
364
362
362
364
364
365
368
369
367
368
368
370
369
368
367
370
371
372
371
370
375
375
376
375
374
374
376
374
371
373
374
376
374
375
377
381
376
378
379
381
378
377
374
375
378
372
375
375
378
374
375
378
378
377
377
379
377
382
378
380
380
382
381
380
379
382
383
381
380
381
383
380
377
376
381
378
379
376
375
376
377
379
376
375
376
377
377
381
378
377
377
378
379
374
375
377
379
376
374
373
375
373
373
371
370
371
372
372
370
373
372
373
370
372
372
374
371
369
370
369
371
370
368
365
367
365
364
362
363
363
364
363
363
362
363
365
362
362
364
363
363
361
361
357
362
361
363
360
361
360
363
366
364
366
364
368
363
363
362
362
365
366
365
365
364
364
368
365
369
366
365
365
364
365
365
369
370
368
366
368
371
368
369
371
369
369
373
373
375
372
373
372
377
376
379
376
374
370
374
370
367
367
365
368
369
368
365
367
364
369
367
367
365
369
365
365
365
368
363
364
364
367
366
367
368
367
371
370
371
371
374
369
370
370
371
368
368
369
370
369
368
370
369
374
372
373
373
375
373
374
372
376
372
378
377
379
377
380
381
380
378
378
380
376
376
374
377
373
374
372
374
375
374
375
375
377
376
377
374
375
375
376
372
372
377
375
375
374
373
375
373
370
371
371
373
372
372
373
371
373
373
375
368
370
373
371
371
371
373
370
371
368
372
368
367
367
369
371
367
369
368
373
371
373
372
371
369
372
370
371
369
370
368
364
370
368
369
365
370
368
367
370
370
369
369
374
374
372
372
373
378
374
376
374
376
373
376
378
377
377
375
375
376
379
377
377
374
373
374
373
374
373
374
367
368
370
367
368
364
367
366
363
365
363
368
364
368
368
371
369
369
372
370
373
370
370
370
372
368
368
370
368
370
367
366
363
364
366
366
366
364
366
365
367
368
369
372
368
369
365
365
366
364
365
360
363
361
362
363
361
361
361
365
363
362
363
363
367
363
365
365
368
367
368
367
364
363
360
361
359
358
357
357
357
354
354
354
353
354
353
350
352
351
350
347
351
348
348
345
347
344
345
341
343
342
341
338
341
336
340
335
334
337
334
336
333
331
331
331
329
330
330
328
327
326
329
327
326
325
326
327
325
322
325
326
326
321
326
327
326
323
323
325
326
326
325
324
327
326
326
324
324
323
324
326
324
324
326
326
327
322
322
324
327
324
320
327
318
328
320
322
322
321
323
320
318
320
322
320
316
320
318
317
318
315
317
317
317
318
316
313
321
319
313
312
325
316
313
315
317
317
313
314
315
315
316
312
313
318
315
311
313
316
313
311
314
314
312
625
313
308
313
313
308
313
313
310
309
312
313
307
309
316
309
308
313
311
305
313
310
307
308
311
309
305
312
310
307
310
310
304
310
309
305
308
310
306
309
309
305
307
311
305
309
309
305
305
308
308
304
308
307
304
308
307
304
306
308
305
305
310
305
305
307
306
303
306
305
310
303
309
307
305
306
308
307
306
307
309
308
306
308
309
308
308
309
310
307
310
311
309
307
311
310
308
311
312
308
311
310
311
311
311
312
311
313
312
311
313
311
313
313
313
313
311
313
314
313
313
314
315
314
313
314
313
314
315
314
313
317
313
314
316
315
313
318
314
317
313
314
315
317
314
317
316
318
319
318
319
318
319
319
320
320
319
320
319
321
318
319
318
322
317
319
320
320
319
320
322
319
322
323
322
321
325
324
322
325
324
327
323
323
325
323
323
326
328
323
323
322
324
325
328
327
327
326
325
326
325
324
324
324
325
324
325
323
327
325
324
326
329
327
328
327
331
336
333
335
334
340
335
337
338
337
336
338
339
333
336
338
336
335
336
338
334
336
337
334
334
337
336
336
335
337
338
336
337
338
338
340
339
339
342
340
340
337
339
340
339
338
338
332
340
340
336
337
340
336
335
332
341
341
341
337
341
345
340
341
346
344
347
345
344
346
347
348
345
351
353
347
348
349
351
346
350
352
349
351
352
351
349
352
355
348
354
355
353
353
353
354
356
358
360
357
356
355
358
360
358
356
359
359
355
357
358
359
355
358
360
359
356
362
358
357
357
358
361
355
360
356
358
356
357
359
358
359
359
360
361
365
366
363
364
365
364
364
361
363
361
359
362
363
365
363
364
367
367
370
368
371
373
371
369
372
369
368
367
368
372
370
368
370
368
368
369
368
366
370
365
363
361
367
362
365
364
362
367
368
368
368
372
373
374
378
376
375
374
375
375
377
375
375
374
372
370
376
374
372
376
378
380
377
379
381
382
381
380
381
379
380
383
381
378
377
377
375
376
378
378
377
376
377
376
379
383
380
380
385
389
389
388
386
384
385
389
383
382
386
386
384
383
387
385
386
386
384
383
385
385
385
391
390
390
390
392
395
396
394
394
396
400
397
396
396
399
399
402
399
397
397
397
397
401
400
399
396
398
397
401
405
403
403
407
403
406
410
408
407
410
410
413
410
413
414
412
412
414
419
417
415
418
415
413
418
419
418
417
420
421
420
419
415
412
411
412
408
411
407
407
408
412
415
415
420
423
427
425
422
421
424
425
424
420
424
421
419
415
414
416
416
414
412
409
407
411
414
415
417
423
429
433
432
434
438
441
433
436
435
435
432
429
424
421
422
426
423
423
425
427
433
439
440
439
438
443
446
440
438
434
430
429
430
431
431
434
432
437
440
443
444
441
441
442
445
441
438
441
444
441
443
439
438
440
441
438
436
437
438
434
434
434
437
433
434
432
436
438
438
437
440
442
442
438
437
438
436
438
438
439
441
440
442
439
438
438
434
429
432
433
437
436
440
446
448
450
451
445
446
451
450
447
445
448
443
440
440
438
440
441
443
438
434
436
438
448
448
452
453
450
455
455
455
452
450
449
449
447
442
438
437
440
444
449
458
469
481
493
504
498
508
509
505
496
500
496
490
479
475
477
474
470
469
477
481
484
483
487
492
492
485
491
491
489
486
479
472
476
479
482
484
487
489
481
485
493
497
493
505
514
517
521
509
517
532
534
521
510
516
515
508
500
512
516
516
507
520
539
534
519
506
500
489
492
491
488
484
488
492
485
487
489
490
487
487
488
488
480
483
484
479
473
478
479
479
479
484
480
488
489
491
489
487
489
487
487
480
483
484
483
476
482
490
492
495
498
500
501
499
495
492
485
484
487
485
482
492
497
498
500
498
497
494
491
496
498
494
491
484
489
489
485
483
480
479
478
479
479
480
481
478
485
489
483
483
491
495
498
501
504
496
504
507
506
501
499
503
488
497
500
504
512
515
507
512
514
509
503
497
490
493
494
493
490
487
495
497
500
497
508
512
514
515
506
503
501
496
489
488
492
492
484
483
488
490
491
492
492
493
504
507
508
496
506
505
503
494
499
498
496
489
494
493
492
490
489
489
487
481
489
493
493
492
486
482
486
487
486
480
490
496
502
491
501
499
508
509
510
501
512
508
507
497
500
499
494
484
489
488
487
484
482
482
481
479
480
479
479
478
479
476
476
483
490
489
504
508
510
512
501
506
505
499
490
494
495
488
494
498
500
500
509
514
516
518
518
516
521
521
514
522
522
521
516
525
527
526
521
533
531
524
512
514
511
505
498
491
494
495
498
499
498
492
499
502
500
496
505
506
504
499
501
507
507
505
502
509
511
512
507
517
518
516
511
507
499
506
506
500
504
505
501
495
498
501
504
504
506
518
523
529
523
533
531
526
520
514
503
505
504
499
494
493
497
501
502
502
506
503
513
517
516
510
507
513
512
510
503
509
511
512
507
512
517
520
514
520
523
521
516
507
512
511
504
501
507
509
512
507
516
519
519
519
513
516
518
513
508
500
494
498
498
493
489
488
487
494
498
506
508
512
521
523
523
520
516
509
512
512
510
509
505
503
508
506
501
497
498
499
499
504
507
511
511
513
515
514
510
506
504
508
509
511
507
518
522
524
520
531
537
537
543
544
542
538
528
520
523
521
518
518
518
509
518
520
521
522
515
524
527
527
525
521
527
529
528
522
528
529
526
521
518
513
518
515
510
508
501
507
509
514
520
529
543
547
548
542
537
531
518
521
518
514
508
511
513
511
513
506
516
516
515
516
505
510
513
512
514
514
510
517
521
522
518
528
534
538
536
540
549
549
550
547
541
534
533
533
535
533
534
528
521
525
520
515
510
509
513
520
525
533
537
536
539
539
536
535
525
531
529
524
521
515
520
517
514
504
512
517
521
526
529
525
523
525
524
522
519
514
518
518
517
515
515
520
522
520
518
516
514
511
505
510
511
512
509
518
526
528
534
527
529
521
525
521
518
513
518
521
522
531
538
541
548
551
549
543
537
536
533
529
529
521
515
516
510
510
512
512
517
524
529
534
535
534
533
523
523
521
511
511
511
507
505
501
505
504
505
503
509
516
523
525
533
536
538
536
538
539
534
527
521
520
516
511
506
511
512
515
521
527
524
518
525
536
544
547
549
548
544
544
540
535
531
525
519
519
516
515
516
515
520
521
519
520
521
525
522
529
531
532
531
535
534
529
534
533
530
529
528
517
521
519
519
518
523
527
530
524
532
536
537
534
533
530
528
524
521
518
514
515
512
516
523
529
553
546
546
556
555
552
548
544
543
540
532
529
522
518
508
508
508
509
508
510
512
512
512
512
512
506
514
521
527
535
540
534
531
528
524
520
512
509
513
514
519
523
532
539
548
546
559
560
562
559
555
552
541
542
536
532
532
528
525
527
522
521
518
525
527
532
536
540
544
543
539
536
528
529
524
521
514
521
524
530
536
543
550
550
554
555
549
547
538
533
526
521
520
513
509
507
505
503
504
510
514
520
528
526
535
538
540
534
540
532
535
531
524
521
515
508
507
503
502
500
512
519
544
594
570
555
550
569
569
566
563
553
552
543
540
533
525
522
521
521
521
520
521
521
520
518
513
511
508
511
511
516
525
532
537
536
538
543
546
541
546
545
541
537
532
526
519
520
517
512
516
521
526
540
547
554
549
550
548
550
549
546
544
533
538
533
529
525
522
521
518
517
515
514
516
513
514
521
529
538
543
545
551
551
551
546
545
534
539
533
524
528
528
530
534
531
540
542
545
542
545
545
542
539
531
536
533
526
517
523
522
519
525
541
549
563
574
574
566
549
554
545
539
532
527
522
521
515
511
507
504
502
507
515
520
541
555
570
580
563
564
562
555
550
537
540
538
532
522
522
523
526
532
530
548
553
569
565
583
574
576
559
563
556
548
539
524
526
521
517
516
511
521
523