734
737
767
825
877
860
850
878
911
896
872
820
765
757
772
821
794
777
844
873
841
874
871
845
795
795
810
817
824
788
809
838
864
873
822
778
810
811
740
711
728
778
838
865
854
804
784
851
892
887
833
825
837
845
819
842
843
783
706
690
710
776
864
888
899
864
771
728
758
804
860
876
889
850
744
749
765
800
832
832
851
869
854
791
805
814
794
738
764
800
854
832
795
822
814
784
787
822
845
850
812
824
846
860
821
801
724
734
745
789
788
744
777
790
793
811
818
781
772
799
845
854
834
795
778
802
798
808
803
800
761
719
736
777
848
872
886
876
838
865
874
888
871
859
862
856
822
795
796
811
756
715
699
704
736
769
768
744
780
802
798
764
722
736
739
728
720
709
711
706
706
713
679
654
659
674
688
688
663
659
663
655
641
646
674
688
681
652
646
669
679
692
673
650
665
678
688
669
651
665
678
688
675
654
643
663
714
742
738
716
721
681
651
621
620
630
635
622
612
622
635
653
662
645
628
636
663
690
671
649
646
661
683
693
708
690
663
670
690
688
667
652
665
669
660
644
630
640
646
637
632
626
649
684
671
656
657
678
669
646
626
635
646
637
629
622
636
664
673
658
648
661
675
668
650
642
654
656
644
638
652
672
666
651
637
639
646
647
641
626
626
646
645
630
604
603
614
639
667
703
704
704
702
670
649
654
658
654
641
646
746
803
830
825
762
745
710
711
691
694
692
688
663
627
628
658
682
659
648
675
706
720
699
653
636
607
588
571
572
581
600
599
599
603
627
637
627
613
617
632
628
606
595
593
611
630
659
648
639
626
644
651
647
637
646
646
669
693
700
706
703
673
658
667
660
637
621
640
644
621
621
653
672
674
654
659
650
629
615
620
646
675
695
711
720
722
699
688
655
644
625
613
591
580
591
638
726
700
730
763
717
688
703
704
726
747
754
746
722
712
695
684
654
627
613
614
620
630
638
639
648
664
688
712
731
729
720
712
689
658
640
632
639
650
665
666
627
619
630
634
662
674
686
670
634
620
619
637
623
622
636
643
656
658
637
635
640
648
653
665
669
670
669
656
631
618
626
646
659
663
640
613
611
645
682
673
648
660
701
719
696
671
677
698
665
651
635
646
655
646
628
628
635
649
641
623
622
645
654
648
634
629
658
675
661
653
663
669
657
640
647
659
648
639
631
649
665
651
631
622
610
613
621
607
608
623
632
646
668
666
654
667
679
690
690
689
685
677
699
687
683
643
623
623
633
642
641
682
722
738
729
735
718
695
669
653
651
664
684
694
699
705
661
645
648
663
671
671
654
639
643
650
655
658
638
626
625
652
685
660
671
697
686
646
639
635
649
668
654
634
621
646
655
639
629
663
681
658
636
639
646
658
655
632
605
588
587
595
606
587
578
593
610
602
593
607
640
634
622
627
643
637
607
594
599
598
574
575
577
586
588
594
591
596
594
595
596
596
599
570
563
565
569
582
604
608
618
622
614
594
606
600
624
629
623
618
606
600
598
596
590
584
555
553
557
567
580
579
596
608
610
601
600
588
566
550
540
534
534
538
547
556
554
562
562
573
574
590
589
586
580
563
541
540
539
541
559
566
567
570
563
570
574
569
563
564
563
543
543
557
559
563
582
560
552
555
557
587
586
565
563
573
575
577
583
580
566
556
558
566
560
552
554
559
552
543
549
547
554
557
555
558
553
560
556
537
532
536
538
552
570
545
543
556
564
578
583
559
562
569
593
599
598
592
563
564
564
569
571
568
568
566
554
537
549
547
552
557
565
558
566
542
542
552
558
553
545
562
565
581
588
595
586
591
564
551
556
559
563
556
540
540
548
558
562
550
541
555
551
541
540
551
542
547
564
568
564
567
571
566
567
552
551
561
562
572
556
554
550
554
555
559
557
562
553
542
551
545
546
557
572
581
594
596
598
603
601
587
584
555
541
543
553
562
572
576
570
550
550
544
556
592
616
624
616
593
565
561
563
572
587
591
568
553
547
553
555
554
536
536
547
568
591
597
576
574
594
594
601
585
563
560
560
580
578
548
543
540
532
526
524
532
547
563
584
591
556
560
569
587
595
584
555
544
558
563
561
543
547
562
575
571
557
555
566
561
551
559
554
566
576
563
548
553
556
559
542
551
563
576
564
547
550
555
562
560
545
540
550
554
563
566
559
568
571
563
546
538
545
547
539
548
537
549
554
560
574
575
568
548
542
546
547
550
560
561
558
560
555
549
535
522
519
521
532
547
562
545
534
537
541
552
560
546
540
545
557
562
555
552
549
550
560
564
568
557
552
546
555
558
570
571
554
547
555
558
561
540
545
561
566
552
549
567
573
556
548
561
569
579
582
583
581
575
571
552
543
542
548
555
550
538
532
541
536
538
525
524
533
527
518
520
531
557
576
561
539
545
556
575
584
576
554
539
539
544
556
571
574
575
552
543
554
558
584
589
579
559
553
550
558
567
574
569
553
538
535
549
546
543
530
535
548
545
537
546
563
567
559
547
545
549
553
560
573
574
573
554
543
546
562
571
573
553
553
556
561
570
561
555
558
573
582
582
585
610
631
642
624
607
589
585
588
592
571
563
577
608
639
667
690
685
646
618
648
688
719
748
775
766
705
700
730
770
803
792
747
733
771
757
738
699
717
854
893
858
832
805
733
685
697
763
841
887
872
807
794
845
856
859
862
832
773
705
723
765
814
764
765
832
854
827
869
879
844
765
759
746
724
683
690
699
705
686
669
696
701
698
685
678
699
716
726
722
696
713
750
753
749
736
752
775
760
730
749
731
711
690
701
737
779
800
799
766
728
712
703
704
735
730
742
734
712
702
716
717
729
706
706
747
768
765
750
724
706
698
716
753
762
747
781
811
789
763
760
759
746
735
753
785
771
745
763
752
754
744
745
705
675
688
723
750
727
769
784
780
722
666
618
593
586
604
632
671
655
635
636
643
647
636
629
626
615
623
618
612
615
614
617
610
608
595
593
586
579
563
557
553
559
563
579
573
562
567
606
615
629
634
612
593
593
596
591
575
578
582
580
570
568
563
569
571
561
557
560
563
556
545
538
545
556
566
560
557
559
564
571
565
560
552
551
554
545
539
531
529
529
535
540
552
546
543
539
546
571
576
577
565
571
575
561
553
548
554
552
546
543
540
543
534
527
525
523
528
530
523
520
515
521
525
537
529
524
525
535
544
536
527
525
523
534
540
533
526
523
524
527
533
530
524
522
519
517
518
526
524
516
510
514
521
527
530
536
525
523
522
522
530
537
529
523
523
525
528
539
521
519
511
516
522
521
511
506
510
521
537
548
541
524
524
531
531
538
525
520
516
521
521
513
511
510
519
519
513
506
504
508
513
516
525
517
511
510
515
523
521
523
528
531
540
528
517
516
519
530
527
516
516
517
513
516
514
511
504
508
514
515
512
513
508
516
521
515
507
505
508
518
513
506
509
519
523
524
515
515
521
525
517
512
513
530
530
522
519
518
522
534
529
520
519
526
527
514
513
512
520
520
514
504
510
516
514
506
506
512
521
517
510
511
512
515
515
508
499
495
498
500
497
492
487
493
503
495
502
506
496
493
491
499
506
508
524
531
538
540
537
528
526
529
514
512
520
534
551
551
547
531
528
528
541
538
526
521
524
530
531
542
543
551
549
566
564
539
542
536
539
554
535
528
532
540
534
517
517
524
530
522
516
517
527
533
518
521
522
526
544
526
522
528
542
553
548
528
521
522
534
529
526
525
525
527
537
543
559
542
521
524
534
535
529
514
526
526
535
543
542
546
558
557
557
552
551
546
547
543
530
528
512
498
500
503
516
547
576
583
566
558
529
526
522
522
527
532
539
543
549
546
544
521
523
537
533
552
558
563
530
526
526
525
528
539
538
538
533
544
539
518
517
522
540
544
533
521
522
525
532
543
521
522
541
554
562
555
550
550
552
531
515
522
525
536
521
505
504
511
520
517
504
509
521
523
514
505
514
528
521
510
511
522
528
528
514
510
515
523
518
510
518
524
526
518
521
516
505
504
508
512
516
506
504
500
507
510
511
503
500
506
520
521
512
509
510
519
508
506
513
524
525
512
510
514
513
515
524
533
534
532
547
526
521
516
525
522
524
513
510
515
517
520
507
507
505
510
508
500
496
496
502
506
504
500
496
498
504
511
508
501
501
505
512
503
501
502
509
512
520
534
538
526
528
538
553
566
564
541
545
563
571
580
560
545
559
572
578
561
538
542
559
576
602
626
615
594
598
634
654
673
658
641
631
674
688
715
709
684
667
690
746
795
754
691
716
742
724
742
767
776
742
728
692
718
744
782
749
743
770
796
787
759
749
782
782
776
784
791
726
691
745
756
722
771
817
851
821
766
787
824
817
816
834
772
734
751
714
694
703
697
675
668
675
656
634
622
620
617
613
621
631
629
623
625
625
617
602
610
609
604
603
606
603
604
614
627
625
608
610
620
628
632
642
635
634
631
629
633
654
656
643
686
715
726
709
685
670
687
693
684
660
640
635
640
640
622
607
608
602
608
621
619
607
620
637
662
688
703
707
662
632
626
661
760
835
877
854
841
821
811
821
819
814
821
800
791
788
774
729
650
638
606
584
568
565
577
599
618
634
629
612
594
582
576
573
578
563
549
539
526
521
521
518
510
507
503
497
495
491
491
488
492
494
494
495
495
489
488
485
489
493
494
493
489
488
490
490
492
489
484
481
483
488
490
497
503
498
494
489
486
487
486
484
478
477
471
475
472
467
469
470
469
471
468
462
464
463
460
462
459
456
454
454
457
455
455
454
454
451
453
454
456
450
450
454
454
452
450
449
451
449
448
448
448
447
444
443
444
445
444
442
438
440
441
440
439
436
436
433
438
437
435
434
434
434
436
435
435
437
430
434
436
436
435
433
437
438
432
435
436
434
435
435
438
432
432
433
436
432
433
433
433
430
427
428
428
428
424
426
426
426
423
423
422
423
426
425
424
423
419
422
420
418
419
415
420
418
413
414
411
412
413
412
409
405
404
403
406
405
407
405
404
403
403
405
405
407
406
406
408
409
408
408
407
410
411
411
410
411
413
411
413
413
414
414
415
415
416
412
411
413
416
415
415
417
412
417
413
415
415
416
415
415
414
414
414
415
415
414
414
416
415
414
413
413
412
412
408
408
410
408
408
407
406
408
409
407
408
408
408
406
407
405
405
405
400
398
398
397
399
396
396
395
396
396
395
394
396
394
397
395
393
394
392
395
393
391
391
390
390
389
388
386
387
384
385
386
387
384
384
386
384
386
386
384
383
383
381
383
383
384
380
385
386
386
388
389
387
387
387
387
386
387
386
385
386
384
384
383
385
385
387
386
387
384
384
385
385
386
384
384
383
385
388
384
383
386
387
387
388
386
386
386
388
387
388
386
386
386
385
383
385
385
382
383
383
384
384
383
383
383
381
381
381
381
379
382
382
383
383
385
383
384
385
387
388
385
385
388
387
386
387
387
387
389
388
387
387
388
385
387
384
385
387
384
386
383
383
384
384
383
382
383
382
382
383
383
384
383
385
385
387
384
385
387
385
385
390
387
387
390
390
392
389
389
391
393
392
391
387
390
391
389
388
385
387
388
387
389
384
386
386
384
388
384
385
385
386
385
387
385
384
387
384
384
386
386
385
385
386
384
384
386
384
384
384
385
383
385
383
386
385
385
385
388
385
387
387
386
387
385
388
384
385
387
385
387
386
386
386
384
386
384
384
383
384
386
383
386
386
385
387
388
387
388
386
389
390
387
390
392
390
391
393
391
394
392
392
392
390
391
390
387
389
390
389
388
389
390
391
389
389
389
392
393
389
389
386
389
390
388
386
384
385
385
386
383
382
383
384
383
384
381
381
383
383
386
383
382
384
384
384
385
387
385
386
390
389
391
389
394
392
391
392
393
392
394
391
393
393
392
392
390
390
393
391
389
390
391
393
394
393
391
394
396
392
394
391
392
393
392
391
390
391
392
390
391
390
390
393
390
388
391
392
391
389
390
390
392
390
391
391
390
387
389
389
389
389
387
387
389
389
388
390
389
390
389
391
391
390
389
387
388
388
387
388
385
384
384
385
384
386
385
384
387
384
381
381
382
382
381
378
379
378
377
382
380
378
378
377
379
380
375
377
376
379
379
378
376
376
379
379
380
378
379
379
381
378
383
383
380
385
385
385
388
387
388
388
387
389
387
388
388
386
384
388
384
383
383
384
384
381
383
384
383
379
379
380
380
379
376
376
376
378
372
374
376
373
371
371
371
369
370
367
368
366
367
365
364
365
361
362
361
360
361
358
358
354
356
354
356
354
353
354
355
352
350
352
350
349
350
347
349
347
348
346
344
345
346
343
344
342
341
343
339
341
338
336
341
337
335
339
338
333
338
336
335
336
335
336
332
336
335
334
334
332
334
333
334
332
334
331
335
331
329
333
330
334
330
336
333
332
332
330
331
332
331
332
333
333
330
331
331
328
328
329
328
328
328
329
327
329
328
329
327
329
329
326
329
328
328
324
330
327
325
327
325
328
326
329
325
324
329
325
325
326
326
327
327
324
327
323
326
324
325
325
328
324
326
321
327
324
326
324
326
326
324
325
322
326
323
326
324
323
324
324
326
324
325
325
324
325
324
325
326
324
326
325
325
325
324
326
324
324
323
327
327
327
323
331
327
330
328
325
332
330
333
328
330
335
333
330
333
332
337
334
330
336
337
337
338
337
336
336
337
342
342
342
339
340
347
345
345
341
346
348
346
346
345
346
349
350
350
346
350
353
351
352
350
347
352
353
354
353
351
351
354
356
357
357
354
358
360
360
358
358
360
361
362
360
362
359
361
367
364
361
364
361
361
369
366
365
366
368
367
369
374
375
373
371
374
378
379
380
378
380
384
385
386
385
384
387
391
393
393
392
395
397
398
396
396
398
399
396
398
398
400
401
398
397
396
399
400
399
398
400
404
404
404
404
406
406
405
402
405
408
413
413
411
411
413
415
415
414
414
415
417
416
413
414
417
415
412
417
415
412
413
415
412
411
412
412
415
414
416
418
420
423
421
422
426
428
429
427
430
433
436
437
435
435
438
440
437
436
438
439
441
440
439
443
441
445
443
445
451
457
461
452
457
460
465
469
470
466
461
461
463
467
468
466
463
461
462
463
459
458
458
460
457
454
459
456
458
460
456
454
458
463
468
463
466
472
481
486
482
483
487
495
496
488
490
495
502
499
495
503
511
507
515
511
514
530
534
521
508
499
490
483
477
474
476
481
485
482
488
492
490
490
495
490
489
494
497
499
503
491
491
496
489
487
487
493
494
501
507
511
511
514
508
499
498
496
490
492
495
499
502
512
516
520
517
514
519
514
515
510
506
502
499
502
504
499
500
502
507
511
517
514
515
520
519
515
516
521
514
516
519
521
513
512
515
514
505
508
510
508
504
501
504
508
514
519
518
519
514
512
512
521
519
521
525
535
533
532
538
544
549
535
532
527
525
521
516
515
514
519
522
519
521
526
529
526
525
526
530
530
530
532
531
531
524
523
518
519
523
519
522
528
534
530
534
538
540
539
538
535
535
523
521
521
522
527
531
536
529
531
533
537
532
532
530
528
528
527
525
523
517
515
513
513
514
513
517
518
517
519
525
527
530
531
530
521
515
514
508
507
512
516
517
517
521
522
522
529
533
535
532
541
549
557
562
564
567
554
551
550
551
552
559
561
560
558
546
545
546
551
562
569
572
570
560
559
564
567
568
567
567
558
553
555
554
553
549
549
539
534
533
535
544
554
557
562
568
574
570
576
576
576
567
556
557
557
553
547
542
536
530
533
535
539
542
542
542
547
554
549
551
558
563
567
570
565
562
562
560
559
558
554
548
541
540
537
542
549
542
544
551
556
562
562
561
563
566
571
566
565
551
550
550
551
555
562
568
560
561
564
569
570
570
566
566
563
558
553
545
538
530
528
523
528
530
532
528
524
525
533
542
556
566
577
584
584
578
573
569
562
557
537
534
531
533
539
544
550
561
569
576
581
579
586
586
592
576
583
585
579
575
574
561
556
551
547
541
541
539
538
536
524
522
523
528
534
546
555
563
570
574
569
563
561
561
564
551
546
547
550
547
547
551
549
548
554
558
563
572
573
571
571
566
561
562
561
560
557
555
551
542
539
540
534
535
539
545
542
544
550
555
560
566
558
562
565
567
551
551
559
557
552
545
539
535
528
529
531
532
533
539
543
548
555
552
539
538
541
551
574
580
576
574
569
570
577
582
579
579
579
579
585
579
578
581
574
570
571
572
580
586
585
590
596
600
595
595
595
586
586
586
581
580
579
577
582
585
588
594
599
601
599
590
592
592
593
594
593
589
590
588
586
587
590
588
593
596
603
599
600
602
596
587
578
577
568
563
563
563
569
568
563
564
573
582
587
585
586
592
592
597
599
593
585
576
577
577
565
561
556
554
553
555
554
555
547
542
540
541
548
560
560
563
572
579
587
586
586
587
585
578
574
572
573
573
571
573
575
565
563
567
565
573
582
591
589
596
601
603
601
596
578
575
570
563
554
557
560
566
565
568
575
573
576
579
578
576
573
575
575
573
579
578
579
576
565
571
579
578
573
570
567
554
542
534
524
519
518
524
532
534
531
531
536
539
549
555
553
557
569
570
564
563
567
563
558
558
559
562
557
557
562
561
561
562
564
563
563
564
556
554
555
550
552
552
554
560
563
572
576
580
579
572
563
563
563
564
568
571
565
564
567
570
575
578
579
576
566
557
551
551
548
551
556
556
556
550
547
539
536
534
537
538
539
540
540
543
551
563
562
558
567
574
567
568
574
584
579
570
570
572
569
568
566
569
569
564
561
555
549
546
544
544
546
548
550
545
542
543
547
554
561
563
563
567
574
574
574
568
565
569
572
570
578
583
583
582
576
571
564
562
554
550
548
548
553
554
555
549
547
541
537
532
533
529
525
527
530
542
557
569
568
579
586
581
577
572
569
564
558
556
563
567
573
578
577
572
571
574
574
572
567
568
569
576
580
579
582
584
591
595
587
585
579
577
568
563
568
571
576
577
574
572
575
574
562
549
554
556
556
558
557
555
553
553
551
554
557
564
569
567
560
558
558
570
583
603
604
604
602
596
590
590
590
588
583
584
584
587
597
596
594
599
602
604
600
599
603
600
596
592
596
598
593
589
578
570
548
550
556
545
551
563
577
576
585
617
639
622
646
661
669
652
650
656
651
646
627
620
620
623
629
607
600
604
608
614
620
619
629
630
630
617
616
624
634
633
633
648
650
650
654
646
640
628
625
617
620
639
647
657
657
641
646
645
632
626
624
624
624
623
613
600
602
599
607
625
649
656
644
667
680
666
672
676
678
674
658
637
639
644
661
658
666
675
667
678
675
665
663
674
660
659
639
629
620
597
590
584
586
604
622
638
648
654
652
654
633
618
617
619
620
624
622
621
607
611
621
630
630
631
630
629
631
633
627
617
619
621
626
634
640
642
655
670
675
678
683
682
676
672
670
657
662
672
677
671
671
664
660
649
643
634
646
658
650
662
680
679
669
674
675
678
667
660
653
653
649
649
646
645
644
643
641
639
636
634
634
625
613
610
617
626
644
661
683
670
662
665
660
667
665
663
651
657
652
648
651
639
622
618
624
631
645
664
675
659
651
651
646
627
612
602
596
597
603
612
637
663
681
661
650
657
647
638
643
651
652
644
631
618
615
612
607
604
609
624
643
658
670
670
666
647
639
633
624
636
654
692
700
699
754
817
796
768
723
706
713
717
713
698
687
686
680
681
690
705
699
696
705
717
714
710
710
691
679
670
674
689
707
708
704
695
675
656
638
629
621
624
621
631
671
721
753
758
706
697
688
671
656
655
658
669
658
663
691
712
727
716
705
720
714
687
673
679
682
686
678
662
653
660
677
694
695
681
680
672
674
670
664
671
681
691
687
690
724
751
771
753
755
739
727
706
695
694
688
674
670
670
680
696
697
683
674
662
652
644
647
667
690
695
711
729
732
700
670
657
654
663
673
687
676
665
662
646
636
637
651
665
654
650
682
717
750
764
771
761
709
694
678
669
655
648
659
689
698
666
656
666
692
708
718
716
715
716
707
684
660
654
650
650
646
650
652
658
665
667
676
672
651
639
638
650
670
666
651
647
639
640
631
616
603
587
580
581
588
594
595
609
672
816
895
828
811
807
788
786
737
698
668
650
644
646
644
656
680
686
688
729
744
717
712
715
702
693
711
713
711
708
731
756
738
721
738
760
741
732
731
755
773
761
757
729
699
684
677
682
700
705
707
692
703
723
728
719
701
688
680
649
631
628
632
661
692
705
722
699
686
696
717
700
701
698
685
660
652
649
646
635
643
664
685
690
686
695
720
730
728
711
692
680
670
670
681
708
725
742
750
719
731
744
758
749
733
708
678
666
665
662
655
671
688
710
717
721
697
688
695
711
723
722
692
688
688
680
667
678
685
702
692
697
709
704
694
683
694
711
717
696
669
653
653
648
639
643
650
662
672
666
655
665
675
688
685
688
688
688
672
656
653
651
653
647
644
639
642
649
657
672
666
677
666
672
711
747
719
708
717
702
675
664
649
650
665
667
660
647
661
680
686
694
696
695
684
671
672
672
684
693
684
688
694
689
678
683
677
671
658
648
647
656
672
675
672
663
673
682
687
684
676
660
657
657
657
664
670
678
675
667
657
644
644
644
646
648
658
667
675
678
674
659
636
628
629
635
650
669
683
702
692
691
670
651
647
649
657
672
678
705
710
695
688
687
678
660
647
649
665
669
701
728
731
730
736
727
694
688
673
653
643
631
624
619
620
622
642
662
677
685
691
681
681
662
655
644
644
650
652
649
643
631
641
654
674
690
677
683
704
709
699
682
688
696
698
673
662
664
669
677
678
675
683
685
688
690
675
671
681
677
686
676
669
658
662
671
686
688
678
670
659
658
662
657
648
636
627
623
635
645
652
656
647
649
649
652
649
654
654
659
657
655
646
644
633
628
634
646
649
642
648
662
664
672
671
658
646
634
616
601
587
573
571
570
572
563
561
564
578
616
650
667
664
655
647
651
658
666
663
668
664
657
645
636
641
652
675
677
686
692
704
689
670
673
662
657
669
676
676
668
667
676
689
702
689
679