701
715
662
674
663
729
730
742
741
722
691
679
681
687
688
681
674
665
703
733
741
728
713
701
693
675
659
653
674
713
762
751
749
732
741
756
742
709
690
672
649
632
624
650
713
775
768
752
765
763
731
726
744
751
707
697
686
669
661
655
649
615
625
620
646
688
685
676
687
669
665
642
597
614
595
604
628
637
608
622
626
704
749
743
661
677
667
660
670
674
678
676
665
713
761
782
748
718
691
687
686
672
666
662
674
689
700
725
712
693
654
630
627
634
693
792
825
839
848
835
818
781
771
752
748
739
708
718
720
721
737
718
713
703
710
730
698
663
638
647
664
775
804
800
761
766
759
761
737
694
705
679
668
662
620
628
629
675
719
734
724
679
678
684
674
655
646
633
610
630
623
617
594
600
605
585
581
567
577
562
588
602
614
630
626
584
615
606
605
591
590
602
596
594
605
593
591
575
582
592
594
599
602
586
606
598
602
571
577
572
579
578
587
584
602
580
588
572
588
602
645
654
639
635
607
605
586
596
597
606
604
600
587
583
583
589
591
592
604
598
599
584
594
577
591
589
610
595
587
581
587
590
594
589
589
598
595
590
580
587
570
570
570
568
550
556
561
571
584
604
596
596
587
600
595
600
590
581
584
586
581
578
567
568
571
585
596
608
606
597
591
572
570
572
573
582
591
574
578
570
588
603
608
621
596
596
582
597
593
590
587
592
594
590
572
572
560
557
563
593
647
653
657
639
640
606
604
584
578
578
589
606
617
620
602
609
589
576
565
579
580
592
586
598
572
570
569
575
569
576
579
582
577
574
564
569
579
594
594
595
580
590
596
600
587
582
586
600
617
627
601
599
581
569
606
616
632
635
635
610
597
580
575
586
603
624
634
624
613
595
583
591
593
604
601
592
593
595
595
587
595
604
621
588
633
632
635
597
593
578
586
588
602
607
611
589
593
597
605
521
660
587
594
612
615
626
601
593
602
614
632
621
624
608
594
599
601
630
644
653
618
600
609
604
608
615
626
621
591
593
575
566
569
625
683
695
680
666
650
612
590
574
584
588
604
606
596
579
578
584
593
604
601
595
577
578
585
598
601
613
582
583
573
586
593
607
609
612
611
603
596
581
580
588
608
623
625
617
598
595
604
619
640
639
597
618
609
623
613
624
614
619
610
624
639
625
619
634
648
646
630
608
604
604
609
608
599
592
586
600
608
605
596
589
576
566
555
582
614
645
673
649
616
589
591
590
590
589
576
566
569
567
570
570
562
565
374
786
606
618
604
585
577
327
259
593
604
284
312
595
568
568
558
565
571
587
588
577
292
278
896
254
587
591
587
577
569
564
576
592
600
598
576
581
580
583
589
577
590
596
604
601
583
301
281
595
604
600
587
594
599
608
590
585
593
599
592
603
596
598
592
608
609
610
618
629
627
599
613
603
607
607
615
609
571
587
579
604
623
652
646
616
643
613
625
601
590
587
594
604
605
585
588
585
590
584
567
582
598
634
606
599
603
604
601
590
589
605
604
587
587
602
613
614
606
600
583
569
553
546
540
554
587
641
656
621
611
597
601
582
598
585
575
561
552
543
536
527
528
548
574
581
584
581
572
553
551
550
551
539
536
540
539
542
545
536
532
529
530
533
536
543
546
542
529
529
532
559
570
579
577
554
545
554
556
560
554
539
548
541
539
526
541
540
545
538
536
543
551
552
542
536
534
535
542
543
540
537
524
520
514
510
509
516
520
527
520
515
509
506
502
498
518
531
541
529
520
514
510
502
504
499
499
497
509
540
568
578
575
562
545
536
523
525
528
531
537
535
520
520
525
529
542
540
533
532
533
539
533
533
529
523
523
536
548
551
544
538
532
536
539
540
543
543
543
537
526
521
514
507
501
506
539
767
690
686
669
645
600
544
527
523
528
528
529
523
514
509
502
505
511
513
519
512
500
496
493
491
499
504
510
502
490
488
484
483
482
492
502
507
507
497
495
497
501
503
507
501
493
490
487
487
493
503
508
511
498
496
491
491
492
507
519
533
532
521
510
506
500
492
494
506
513
516
512
500
495
491
490
484
506
541
570
551
540
528
514
510
502
498
500
515
528
534
533
523
514
507
499
492
487
501
525
552
538
528
515
506
499
493
488
481
490
507
573
604
569
550
535
516
505
500
493
485
491
508
531
534
530
529
518
505
497
496
502
508
514
511
500
494
491
488
485
488
507
541
571
570
555
542
521
509
501
496
494
507
516
521
518
512
506
499
496
490
482
485
499
541
565
554
540
528
513
506
501
495
501
517
526
527
517
509
497
496
488
483
481
486
501
508
506
507
492
491
487
483
480
479
499
541
547
536
527
514
501
492
489
487
489
492
490
482
479
475
473
473
481
487
495
498
490
484
481
479
477
473
480
494
501
508
501
502
491
488
484
488
490
492
484
480
478
480
480
485
489
480
478
480
482
489
486
479
477
481
484
490
486
481
479
482
485
486
483
482
479
477
471
470
469
468
468
480
493
501
498
492
491
492
497
492
494
497
493
490
490
494
494
493
494
493
490
479
482
482
482
483
484
485
485
479
476
472
472
472
517
728
624
601
572
514
497
487
490
499
504
506
492
488
486
495
496
498
499
491
488
489
493
499
498
488
486
490
493
492
489
483
482
486
490
495
494
486
484
479
477
476
478
494
514
524
521
509
498
496
494
499
492
485
485
482
479
489
506
514
515
510
506
497
494
489
482
482
495
514
526
522
520
504
498
501
503
501
501
492
498
501
497
497
490
487
484
482
486
505
578
588
561
531
515
505
497
489
482
491
514
542
536
522
508
500
491
483
479
478
473
474
486
501
509
509
504
494
489
484
481
483
498
518
535
518
512
500
494
490
485
485
490
494
544
579
563
552
551
529
518
510
505
503
509
514
521
526
531
525
520
510
506
507
516
522
528
538
538
528
520
517
515
518
523
531
538
531
521
518
520
523
519
517
518
525
526
517
517
524
539
542
536
528
527
531
539
544
538
529
530
548
569
600
600
571
559
553
566
581
595
612
608
585
565
557
563
564
568
564
547
542
538
540
561
596
623
597
577
570
582
598
631
615
618
650
660
639
602
602
618
639
647
644
621
607
584
585
596
609
634
651
691
625
610
590
611
653
698
707
693
672
628
600
615
646
679
646
625
607
590
593
632
710
696
706
688
675
654
644
652
669
685
692
686
665
621
619
646
659
648
654
646
635
626
662
677
678
651
621
614
598
607
677
742
724
698
684
674
662
664
667
629
619
596
579
569
571
593
606
626
615
617
611
611
618
637
653
646
641
619
617
624
623
600
588
571
557
558
566
736
817
743
738
700
656
617
569
561
571
576
571
563
550
543
527
523
518
521
530
533
539
536
533
531
521
518
514
510
516
525
536
544
545
548
541
531
523
516
515
523
534
547
545
541
534
533
524
521
529
538
545
545
543
545
536
526
524
520
517
521
537
548
550
546
545
535
531
529
536
539
541
540
533
527
525
535
535
543
543
536
530
526
523
530
546
554
558
562
559
559
544
532
526
522
527
526
524
525
522
514
510
508
501
505
514
521
529
529
521
520
515
510
505
504
519
525
532
526
519
511
507
498
496
494
488
487
499
511
518
524
522
515
503
503
497
492
491
494
507
516
519
521
519
512
501
495
493
487
486
497
504
510
513
513
502
497
489
488
487
485
492
504
509
515
515
504
500
498
491
488
494
496
500
505
500
494
493
498
501
502
497
498
489
489
486
493
522
555
562
548
534
520
515
503
498
493
497
506
516
519
516
502
496
495
493
485
486
501
534
561
559
555
539
518
513
499
491
488
492
510
530
539
540
535
525
516
507
501
498
511
540
563
566
555
544
524
515
513
499
494
493
500
522
543
548
542
525
512
501
498
493
498
518
543
546
534
521
505
499
492
488
487
498
516
528
527
521
508
502
496
494
487
485
491
507
538
542
545
535
521
515
507
499
494
490
496
510
521
524
520
507
503
498
490
487
485
497
535
587
560
541
521
508
500
494
488
487
496
510
514
514
499
494
491
485
488
500
519
522
520
509
499
494
490
485
485
484
494
530
559
551
546
535
521
513
504
497
490
490
501
514
513
500
490
488
485
482
482
490
502
516
513
503
495
492
489
490
487
503
526
534
531
514
506
499
495
490
490
500
519
517
522
507
499
494
495
497
502
502
503
507
492
490
482
491
493
512
513
508
494
488
488
484
492
508
518
519
520
510
500
494
491
488
488
498
522
533
528
524
512
506
499
497
499
510
514
509
499
494
492
491
500
512
520
517
505
502
497
495
501
524
535
532
516
507
502
495
496
495
519
557
565
563
548
525
512
508
497
500
509
515
512
504
503
498
495
493
499
511
512
512
501
500
502
504
500
494
490
488
485
492
507
523
526
522
508
501
497
492
497
499
507
508
495
490
489
485
489
496
512
525
523
511
504
497
492
492
498
507
516
521
514
507
499
498
492
497
506
519
526
523
516
506
498
497
492
490
493
506
534
546
539
523
512
504
498
494
499
506
513
510
499
493
490
486
488
491
510
527
530
514
506
502
498
493
497
502
518
516
508
500
494
491
487
485
491
500
519
514
505
498
493
490
486
485
480
480
492
550
574
553
539
524
512
506
500
496
491
494
497
511
503
497
491
489
486
488
492
505
512
512
501
499
504
510
507
505
500
497
499
507
511
512
514
510
506
501
498
498
503
513
515
526
527
521
513
507
503
502
502
502
506
503
502
500
498
497
495
490
488
490
504
566
656
648
611
593
562
552
557
548
539
533
530
529
525
526
522
522
535
563
572
585
595
571
577
578
578
565
553
545
543
547
565
572
570
543
539
537
554
628
675
659
647
650
637
620
619
618
602
597
634
685
653
620
655
686
656
630
650
650
646
660
691
673
666
692
685
666
638
634
634
627
633
626
653
638
615
611
602
600
667
664
678
664
651
620
591
576
575
598
642
627
591
591
583
588
629
679
672
629
611
614
613
619
614
646
664
665
670
673
664
659
660
681
651
633
623
628
631
642
655
654
628
619
606
608
618
632
630
646
656
653
667
644
630
614
594
566
534
569
627
764
843
875
887
845
820
792
757
725
711
691
670
653
635
600
554
553
542
541
536
529
525
527
530
535
530
532
524
520
517
516
519
519
520
517
514
510
508
499
513
508
504
510
507
507
499
495
495
486
494
493
490
493
491
491
479
482
474
473
482
477
475
469
468
461
463
461
460
465
461
460
459
453
442
445
440
439
436
434
446
444
452
452
453
448
437
434
429
429
428
425
425
427
438
435
431
431
421
431
421
417
412
411
411
424
417
421
417
410
408
405
404
402
406
418
414
407
409
405
404
403
405
406
407
407
401
399
396
396
399
411
405
401
404
398
396
393
394
396
400
406
396
395
393
391
390
396
397
396
394
392
390
391
389
389
393
394
396
395
391
390
390
392
393
395
392
387
385
383
385
385
392
389
388
384
382
380
379
381
391
383
380
379
380
383
383
385
384
380
379
377
377
382
385
383
381
379
379
382
383
378
375
373
372
374
378
378
378
377
373
373
371
373
375
379
380
376
375
374
374
377
379
383
380
377
375
375
375
377
381
380
377
375
374
373
375
377
381
379
376
374
374
374
378
377
379
378
374
373
370
372
372
381
379
372
371
371
370
371
376
381
383
374
376
376
381
381
380
377
377
378
378
382
379
377
378
385
376
373
373
373
382
379
381
373
374
376
372
380
381
382
382
384
374
378
383
380
379
384
374
376
373
371
374
380
380
374
374
382
377
377
373
372
377
379
372
373
372
371
383
377
370
371
372
370
380
378
379
373
373
372
370
370
379
376
379
370
372
369
370
378
374
375
367
369
368
370
373
376
368
368
367
365
368
372
373
366
366
366
366
369
369
371
371
369
371
368
367
364
367
371
368
364
366
366
372
371
371
364
366
365
374
372
366
366
367
367
373
372
375
368
370
371
371
376
377
366
368
368
369
376
371
377
376
370
372
372
377
376
378
377
370
372
373
375
381
382
375
376
383
382
381
373
377
376
376
383
377
389
388
388
383
382
384
382
387
387
390
388
383
382
382
384
385
387
389
388
386
378
383
384
390
389
387
379
382
383
386
386
389
384
380
382
388
388
388
386
378
382
388
387
388
387
385
376
382
384
385
386
386
376
379
378
384
379
383
385
379
378
372
375
382
376
383
381
377
376
376
376
381
379
380
384
377
376
377
376
383
380
384
382
380
375
376
376
382
382
385
384
383
376
378
377
384
385
387
390
385
379
381
384
385
384
389
387
380
382
381
379
381
384
388
389
389
388
382
383
384
389
387
393
393
391
384
385
390
385
391
389
389
385
380
382
387
386
389
390
386
382
382
389
385
387
394
392
391
384
387
390
392
396
396
396
393
389
387
391
388
393
397
395
396
391
388
388
392
388
398
397
396
393
389
396
393
402
399
402
398
396
391
396
394
396
395
391
393
386
393
390
397
395
396
392
390
394
391
396
396
396
392
387
388
396
389
393
396
392
388
385
393
389
389
394
395
393
387
388
396
389
396
395
396
391
385
389
391
391
392
394
388
390
381
387
389
390
395
395
395
392
385
389
394
389
393
393
391
389
381
382
388
384
388
386
382
378
380
384
384
386
381
374
377
379
382
383
382
373
377
376
379
381
380
369
374
375
378
378
378
379
370
373
372
374
380
377
380
379
374
375
375
376
381
380
382
374
376
376
384
379
381
374
373
373
377
380
379
379
369
372
373
377
377
377
373
370
371
369
377
372
376
375
367
370
370
371
368
375
375
376
367
371
371
375
373
371
371
368
367
369
372
373
366
365
366
371
371
370
362
365
365
371
370
366
363
364
363
371
368
362
360
362
365
367
366
359
359
357
361
361
359
357
355
358
358
362
354
353
353
356
360
349
353
354
352
349
348
350
349
352
351
346
347
347
349
348
344
344
344
349
346
345
342
342
341
345
343
345
340
340
342
342
341
341
340
338
340
340
342
339
340
338
334
339
340
336
336
336
335
335
337
334
336
332
334
337
334
335
333
334
335
333
333
332
333
334
333
333
330
331
333
334
331
333
332
328
334
328
333
329
330
332
334
328
332
330
335
329
331
661
329
330
328
329
333
328
334
327
329
330
328
335
327
331
331
331
332
331
328
332
333
330
333
329
335
333
335
332
332
335
334
338
337
339
336
339
340
341
344
341
341
346
344
346
346
344
351
346
348
350
351
348
350
352
351
354
352
353
350
354
353
352
354
354
354
353
353
354
355
356
356
359
354
357
359
359
359
357
359
360
362
360
358
361
364
364
366
365
364
358
363
366
369
369
368
366
373
375
378
378
376
374
380
382
382
383
382
378
385
386
390
389
388
387
392
395
394
393
394
389
395
395
394
390
383
390
391
391
390
393
394
391
391
391
396
392
394
390
393
396
392
394
393
392
389
388
396
393
396
396
395
398
403
404
401
403
403
406
407
407
406
404
413
412
411
414
413
414
415
414
410
415
415
412
415
413
416
413
413
411
422
419
418
420
418
415
422
423
422
421
420
420
418
422
422
422
422
421
423
428
428
428
428
425
433
434
433
433
428
438
438
435
432
431
432
436
436
436
434
436
431
437
437
437
435
436
438
437
436
434
439
442
442
438
439
442
443
440
440
439
446
443
447
442
441
442
441
446
443
446
445
454
452
452
452
457
453
449
450
457
460
457
458
456
464
465
468
466
464
462
466
468
465
462
461
464
472
466
462
464
466
468
463
462
464
480
475
471
466
468
470
484
477
479
473
469
467
469
473
476
474
477
477
478
476
474
476
483
482
484
474
482
480
478
474
471
473
475
478
472
469
476
475
470
475
465
469
470
472
473
474
474
473
474
473
470
472
466
464
463
458
457
459
462
455
455
459
465
465
467
463
462
468
468
468
463
469
468
473
475
479
479
479
479
478
476
474
470
468
465
460
460
453
460
460
458
459
464
466
465
465
469
470
479
486
493
497
497
491
486
480
473
470
471
480
492
499
499
502
493
488
485
479
479
489
513
520
517
515
503
506
516
507
511
498
499
495
495
492
492
493
494
497
496
497
494
495
488
488
485
483
484
479
479
481
480
489
488
485
488
488
487
486
483
479
479
477
487
479
479
478
480
479
488
488
488
489
498
516
521
522
521
510
504
504
506
512
518
521
517
517
526
526
524
521
525
523
520
517
507
506
503
508
517
534
543
536
537
538
543
538
538
540
538
538
534
537
535
535
537
545
541
541
543
537
535
533
531
530
528
527
527
530
531
540
544
545
531
528
521
535
533
535
532
530
523
521
524
520
523
527
525
531
531
535
534
533
531
538
537
540
552
550
555
549
554
556
562
554
560
554
553
546
547
542
545
542
531
539
536
539
541
546
556
557
554
553
550
543
544
540
537
535
536
539
537
528
538
534
532
525
526
521
524
518
541
540
539
540
541
537
542
542
543
542
544
547
549
552
553
552
547
547
551
556
563
563
567
565
566
569
576
576
567
570
563
563
560
558
558
557
563
566
569
566
563
558
555
549
547
538
527
525
515
519
521
528
542
564
579
562
558
556
545
545
542
542
545
546
547
548
551
548
524
547
540
546
538
534
534
535
536
546
554
552
559
560
565
562
555
551
553
551
553
556
558
560
557
563
558
563
565
566
566
560
566
562
563
560
556
552
550
550
548
547
544
540
539
537
533
529
533
535
535
540
549
561
556
563
563
537
537
533
539
541
551
553
557
558
551
552
551
551
546
548
546
548
547
545
548
549
559
562
565
574
587
585
576
576
569
560
553
542
539
534
533
538
536
540
543
543
541
537
532
530
526
520
510
516
512
513
518
519
530
550
563
559
554
547
547
545
545
539
537
539
540
534
539
533
529
539
536
537
544
544
547
555
541
537
533
541
537
530
534
523
530
523
538
540
541
547
544
549
550
556
550
557
557
562
565
567
560
562
566
572
575
590
592
582
582
585
596
595
606
600
579
595
590
589
595
585
585
589
605
619
610
604
611
622
601
614
607
611
610
590
614
610
595
603
608
625
614
637
636
643
635
621
618
619
616
610
610
616
603
601
607
619
624
634
625
604
613
613
613
606
596
603
606
613
602
610
612
633
638
625
627
633
615
612
589
606
602
589
592
592
595
601
608
595
623
617
629
629
620
604
618
596
606
603
624
639
616
642
643
664
663
630
647
638
641
605
623
615
624
627
607
630
630
621
620
614
621
596
609
608
597
611
612
614
599
601
588
586
583
580
576
564
570
576
569
569
564
571
580
598
608
611
609
594
594
592
575
590
579
576
583
613
652
729
702
665
652
632
649
645
645
631
617
616
616
607
605
609
617
623
604
635
644
644
653
663
678
641
672
657
653
614
635
625
634
612
634
645
663
637
670
658
628
643
630
633
610
620
622
642
635
678
677
649
671
664
670
623
646
629
630
625
629
626
599
616
597
604
610
638
671
656
636
641
632
625
618
611
601
587
594
591
604
628
658
636
636
626
612
605
600
596
584
590
595
628
676
683
731
669
684
665
617
643
624
615
606
591
588
594
594
581
597
603
619
631
662
638
657
652
635
646
654
646
651
657
660
624
643
629
622
628
624
620
617
611
607
606
612
631
659
746
760
733
748
713
704
685
679
668
657
647
637
630
621
616
604
604
609
627
647
673
667
623
638
621
622
617
622
613
618
612
605
607
612
653
735
799
733
744
722
682
679
662
654
652
646
615
624
624
630
648
681
703
658
644
635
654
648
648
647
633
637
615
622
619
630
622
635
640
646
649
648
642
642
628
617
622
622
607
620
617
637
659
653
656
655
648
639
640
621
626
626
634
636
659
681
693
670
662
647
648
647
657
654
652
647
652
654
638
656
646
651
644
651
640
653
652
650
655
651
637
640
637
632
631
626
629
619
626
626
620
634
653
653
662
660
651
623
638
624
604
597
584
592
591
603
600
594
594
593
586
586
579
574
567
562
556
551
545
537
531
526
515
520
504
510
511
514
522
528
534
536
530
531
531
531
531
532
531
532
535
542
563
595
576
572
587
835
851
773
735
693
637
612
602
583
591
589
592
581
594
598
599
583
597
598
609
595
608
600
611
617
610
571
565
583
577
581
589
602
603
599
608
616
623
609
639
615
633
630
646
650
654
622
647
644
648
647
630
650
649
657
630
662
670
675
665
673
670
644
656
656
651
638
656
665
668
657
680
677
651
678
671
679
646
672
658
657
660
670
682
666
653
648
643
641
623
636
635
627
630
633
640
630
649
645
643
663
668
682
651
663
654
654
624
635
629
631
629
627
634
639
619
653
658
688
664
686
675
644
664
647
624
632
629
634
625
635
635
640
640
642
646
637
633
617
615
598
596
600
604
582
603
593
602
604
613
610
609
602
598
581
591
599
634
721
855
829
848
826
772
755
727
680
685
659
635
629
620
610
613
619
631
625
662
669