838
870
974
955
929
874
822
785
810
859
905
922
955
964
928
871
840
809
830
854
852
788
741
742
773
806
780
811
853
892
894
889
863
807
781
760
719
646
611
598
598
626
668
706
704
651
639
646
629
622
656
696
718
695
670
644
609
617
628
615
597
607
660
721
747
734
698
671
658
639
597
599
625
684
734
735
692
688
689
671
646
614
584
563
548
536
541
618
826
895
910
906
908
883
790
720
662
662
752
841
847
753
707
774
867
916
902
882
820
750
701
675
696
703
740
719
777
872
905
877
855
868
894
920
946
1013
1010
966
928
908
913
874
826
791
836
838
873
898
896
851
820
782
769
804
857
879
824
760
754
816
844
813
807
843
880
851
787
693
650
654
646
671
684
690
684
687
684
667
626
608
595
603
587
578
585
609
600
585
577
591
588
608
587
583
587
611
621
582
569
560
555
556
561
559
545
534
527
512
520
519
532
539
540
544
550
556
566
578
567
563
552
536
526
522
520
521
523
516
510
505
504
504
513
508
507
522
539
547
604
613
632
640
627
617
594
580
558
552
538
534
531
530
536
541
546
531
535
546
575
596
618
617
595
578
557
542
531
523
515
509
508
518
526
528
526
551
608
673
709
712
731
674
614
596
581
585
586
582
569
556
561
566
576
573
566
583
588
580
554
534
523
521
528
550
586
572
581
594
611
601
579
593
606
604
576
580
572
559
561
567
574
594
581
554
557
546
549
551
563
563
560
563
580
590
574
566
581
579
586
565
564
558
555
547
544
534
534
531
529
522
515
507
517
539
575
661
663
629
600
599
585
566
565
565
573
567
571
554
551
544
556
555
550
557
571
575
583
584
609
593
579
579
582
566
557
547
537
522
520
515
520
522
519
521
532
555
600
583
595
615
631
589
577
577
577
571
545
537
541
543
558
556
546
561
563
563
549
556
559
563
541
544
541
543
539
532
539
545
555
538
548
548
548
539
527
524
526
534
549
541
541
555
573
591
607
595
580
557
537
518
508
508
507
517
521
512
527
533
557
579
565
569
574
579
581
571
550
531
517
504
500
501
506
535
542
556
566
604
583
579
561
566
561
562
544
538
517
516
514
525
527
521
520
529
573
619
644
630
578
548
526
521
521
532
522
521
522
528
537
531
519
525
534
551
546
534
532
540
550
563
553
548
543
537
536
520
509
495
488
489
489
505
531
538
528
547
573
619
606
614
621
627
602
573
571
560
560
545
547
546
558
570
578
567
568
551
555
554
566
565
556
549
558
554
542
554
567
587
588
582
566
553
538
529
515
518
513
532
537
545
535
558
584
646
632
595
577
571
562
554
539
528
523
522
526
524
517
514
521
529
543
542
538
528
518
515
524
523
543
564
557
546
551
554
552
539
544
536
525
521
522
524
529
525
534
529
527
535
533
531
533
530
535
523
526
525
534
524
527
524
530
530
529
533
509
510
500
498
511
531
541
556
563
565
534
550
538
535
529
526
517
512
501
494
496
485
490
497
543
588
574
561
565
544
566
614
612
577
543
553
545
547
549
524
515
507
510
515
529
532
531
523
536
543
560
541
541
555
554
559
561
563
552
540
534
531
528
523
511
524
532
538
536
533
531
526
548
545
536
519
509
497
494
488
484
479
476
472
474
477
479
485
479
478
475
473
476
472
473
469
463
465
463
463
466
471
481
479
481
483
488
497
484
492
488
489
489
489
482
474
466
462
464
462
461
467
472
464
465
466
467
469
478
482
473
470
466
464
466
465
463
459
455
456
457
459
460
458
454
459
458
454
453
450
448
448
449
447
446
445
442
440
440
442
442
446
450
452
446
447
446
446
445
444
438
438
441
438
437
436
433
432
431
434
430
423
425
430
428
428
429
426
433
438
435
432
442
445
447
447
443
437
438
435
435
431
428
426
428
426
427
426
425
423
423
426
430
430
431
427
426
429
431
432
435
439
439
432
429
428
424
424
422
421
419
414
413
417
415
418
417
421
423
419
417
419
416
411
410
406
405
404
407
408
411
419
419
417
417
418
418
418
423
428
432
434
430
427
419
423
421
417
418
409
404
407
411
401
398
398
407
406
409
412
415
424
424
422
436
438
438
438
433
431
437
433
433
427
427
422
413
417
415
411
414
403
401
398
397
400
398
401
402
402
404
404
405
413
417
421
426
419
419
415
419
422
413
414
412
409
406
399
399
400
395
395
395
399
403
408
413
417
416
422
424
434
440
444
443
453
449
441
436
436
430
424
427
435
439
441
438
435
439
432
428
425
425
422
421
417
418
432
438
441
445
443
446
448
447
455
456
453
447
444
447
443
447
454
455
453
446
442
445
441
442
434
442
446
446
445
434
434
433
428
428
428
435
435
429
425
428
424
429
433
430
432
433
430
430
429
431
438
438
437
436
438
440
446
448
451
441
441
438
441
444
439
440
430
433
430
432
438
438
435
430
430
435
437
438
430
427
425
421
422
427
426
424
416
419
416
419
428
427
427
420
423
423
427
424
422
417
411
412
419
420
421
426
417
414
414
418
418
420
421
419
417
420
418
410
410
409
416
412
407
404
400
398
398
401
403
407
405
401
404
410
413
425
424
420
418
417
420
425
417
412
411
418
416
412
408
405
408
412
411
402
403
404
407
412
409
406
403
406
411
409
412
411
405
402
405
410
407
404
401
399
398
402
404
397
393
394
396
396
396
396
391
391
396
396
396
397
395
398
390
391
392
396
396
396
396
391
390
391
392
396
394
396
397
399
397
393
401
399
402
399
399
398
390
397
398
397
394
393
389
391
396
392
391
383
391
392
392
388
385
387
381
380
383
384
383
382
378
375
381
383
379
382
375
383
385
387
389
393
389
390
392
393
397
400
399
401
398
394
398
399
399
400
396
391
398
398
396
395
392
396
398
393
390
392
396
398
396
393
394
398
398
400
403
398
399
394
392
394
390
389
392
392
390
393
386
387
390
389
389
391
395
396
399
397
398
397
402
408
411
411
411
407
413
415
417
419
414
414
415
415
418
415
414
410
407
407
408
404
409
412
414
415
412
409
408
405
409
408
406
399
400
399
401
406
407
405
399
403
402
403
408
409
407
404
401
400
402
407
406
401
397
398
401
403
408
407
402
403
404
406
411
416
410
406
408
413
411
409
404
405
406
407
409
407
406
401
405
408
402
398
399
399
402
402
399
399
395
392
397
398
394
395
394
398
398
400
397
400
405
410
411
409
410
411
414
416
417
413
407
406
404
401
401
403
402
403
399
399
400
402
405
408
410
416
422
424
422
421
425
433
438
440
434
437
442
438
438
432
430
429
437
438
445
448
446
456
469
479
475
474
482
490
486
484
489
495
490
484
487
496
509
518
512
523
531
541
529
527
531
545
557
562
548
550
553
552
545
563
563
575
570
542
532
525
522
523
518
514
511
520
524
512
508
519
548
570
560
574
572
561
550
534
523
510
499
492
508
558
605
595
579
602
624
639
611
631
627
623
598
600
604
595
583
574
571
581
571
580
598
631
622
619
637
637
641
606
590
583
587
577
582
594
636
610
627
642
685
653
656
646
647
617
584
564
556
562
561
537
531
534
564
591
594
610
635
641
662
680
710
688
654
636
609
587
563
553
565
607
640
618
598
605
611
618
619
636
645
640
617
601
569
559
555
563
575
594
600
581
580
590
614
651
644
635
619
601
568
541
527
520
523
517
524
541
557
560
555
582
605
587
594
586
563
542
541
529
525
521
532
544
542
541
528
531
539
554
567
556
542
544
543
545
546
533
524
523
525
521
509
509
501
503
499
494
490
485
477
471
467
467
467
468
475
476
478
479
479
477
481
482
481
479
479
477
478
473
466
458
452
451
448
445
441
440
438
439
439
445
448
451
454
460
468
474
477
476
482
487
488
481
479
479
476
470
467
464
462
458
456
452
454
450
444
447
443
444
443
442
441
440
434
436
434
437
433
430
434
434
434
432
437
436
436
430
434
431
430
427
427
431
433
432
438
438
431
436
438
436
436
431
430
428
428
433
426
430
427
423
423
430
434
433
431
430
433
438
439
439
440
441
436
430
438
434
432
433
431
430
429
428
429
427
426
421
423
421
422
426
425
432
442
440
438
435
439
438
438
438
434
429
432
432
431
430
429
428
422
424
421
424
418
418
417
415
419
426
428
439
452
464
464
454
445
446
450
443
440
441
437
431
428
429
427
429
428
426
423
420
427
425
425
427
425
427
424
420
415
414
415
414
414
410
412
413
409
409
415
412
410
407
412
412
411
422
422
417
415
422
424
423
422
415
420
422
420
409
413
409
408
412
410
411
408
407
407
411
411
413
420
426
426
427
426
430
434
434
431
427
422
417
414
411
408
407
410
420
426
433
438
437
441
439
434
435
439
440
438
434
432
429
428
425
428
430
432
435
430
426
421
422
422
428
428
433
436
434
433
431
429
432
433
444
450
448
456
454
453
451
454
456
457
452
448
447
446
446
447
444
443
439
439
438
437
435
443
449
452
460
463
460
457
451
450
446
445
446
440
438
439
439
440
439
436
434
431
435
433
432
429
430
430
432
431
438
447
453
453
454
452
440
445
447
444
433
434
430
425
427
427
421
420
417
416
418
421
420
424
427
429
427
425
430
435
440
434
432
436
437
442
434
435
431
437
438
438
433
428
434
435
434
433
436
435
427
427
434
432
427
426
424
428
427
426
422
422
421
421
424
430
432
435
432
428
434
435
430
430
428
432
433
429
426
429
433
435
437
433
435
437
438
439
434
425
428
421
416
415
419
411
414
411
410
410
410
409
409
410
417
424
427
435
440
434
435
436
434
437
438
434
426
424
422
426
428
425
425
423
418
419
423
421
419
421
421
419
423
429
428
428
426
426
431
431
427
424
429
428
430
430
426
426
429
429
426
422
421
423
425
421
422
426
425
424
421
424
424
424
421
423
426
426
430
425
425
426
426
425
423
422
422
421
423
422
423
420
423
424
428
428
425
424
428
430
431
427
423
424
429
425
423
418
415
417
418
419
415
415
418
422
422
420
420
424
425
424
418
420
423
421
413
412
409
412
415
409
409
410
412
414
416
413
409
417
416
421
417
414
408
410
409
405
407
406
406
404
400
402
398
397
397
399
397
397
396
395
400
400
400
406
409
410
410
417
418
423
424
428
422
418
413
410
415
415
410
411
413
406
406
407
409
406
404
401
401
403
403
404
410
414
417
418
415
412
417
417
416
413
412
410
415
419
417
419
415
415
418
420
419
417
413
411
408
414
410
411
413
412
414
417
422
426
435
438
437
437
437
432
427
425
427
427
422
421
424
428
430
435
435
432
434
431
429
432
438
439
443
448
455
458
453
450
446
452
454
459
461
462
467
471
472
472
469
469
471
479
493
491
487
493
503
521
542
552
536
528
522
524
530
518
513
517
522
525
523
522
532
533
532
522
511
502
495
499
511
519
525
546
580
598
608
594
594
568
555
535
524
509
495
490
492
507
538
527
534
552
592
581
589
602
615
589
584
585
582
590
581
562
562
569
596
596
603
606
563
550
543
550
565
584
614
608
622
613
593
583
578
592
609
607
620
641
718
692
660
664
664
655
631
641
637
641
626
645
663
690
689
678
663
645
629
620
605
604
603
591
575
563
555
570
600
607
621
637
646
632
616
603
605
613
619
606
598
610
634
654
675
666
667
652
615
604
595
585
581
577
579
582
587
567
569
576
610
647
631
606
574
551
549
557
578
626
765
798
723
667
619
623
641
647
642
619
591
584
565
557
558
560
567
580
583
584
565
562
555
548
551
550
545
544
536
539
531
526
532
528
521
518
507
501
487
483
479
471
462
460
459
456
455
449
446
448
448
456
457
460
461
460
459
459
453
450
443
443
440
437
439
436
438
438
435
433
428
429
426
423
423
421
422
422
419
415
410
411
413
410
412
406
408
408
407
408
403
408
409
411
413
410
407
405
404
402
398
399
397
397
397
397
394
391
388
391
390
388
390
386
384
381
381
380
380
380
376
377
373
371
374
374
373
373
372
372
370
370
369
372
370
371
365
369
364
366
365
367
367
369
368
367
368
366
369
363
367
369
367
368
368
368
362
364
365
365
367
363
365
363
366
366
361
364
360
363
362
363
362
364
365
361
361
362
361
364
365
364
365
366
362
363
362
365
367
365
366
362
364
364
369
367
365
364
363
365
365
369
367
367
366
362
365
367
366
367
365
367
363
363
366
367
366
370
365
364
366
365
369
369
367
367
364
366
370
369
371
372
369
370
369
367
370
369
369
369
371
367
364
371
370
369
366
368
367
370
370
369
373
371
366
370
369
373
373
373
376
374
373
371
374
376
374
376
377
374
376
371
371
372
372
372
372
376
376
375
377
372
374
377
377
380
377
375
375
376
380
381
378
379
371
373
375
376
376
375
377
378
373
377
378
376
378
379
377
379
378
374
370
374
376
374
374
370
367
368
367
368
367
367
370
368
369
374
373
373
371
370
373
374
377
376
378
378
375
377
381
382
381
380
380
378
375
378
378
380
381
378
377
377
377
380
378
383
385
387
390
389
385
387
383
382
380
377
376
375
376
380
380
381
381
379
382
382
383
384
385
391
390
392
394
390
391
392
393
388
389
391
395
394
392
391
391
391
390
387
389
390
388
388
387
392
395
396
394
393
393
395
396
402
399
395
390
392
391
396
393
392
390
382
382
380
380
379
381
380
382
377
379
379
383
387
385
387
389
389
388
383
379
383
382
384
384
382
378
374
377
379
380
379
378
373
375
377
379
380
378
380
379
382
380
374
374
382
385
379
376
369
373
374
374
376
370
369
368
370
374
373
374
372
370
372
373
377
376
379
377
371
373
371
375
372
373
374
369
368
365
370
370
370
366
364
366
368
367
368
363
363
369
368
368
367
363
365
365
369
366
364
361
359
362
363
360
364
355
358
359
358
361
359
358
355
352
354
356
355
357
355
354
354
353
354
356
354
357
354
352
352
353
354
354
351
354
353
353
350
353
350
353
353
351
353
348
352
353
351
354
350
351
353
353
354
354
354
355
352
354
355
353
357
354
355
354
354
356
354
356
353
355
356
358
361
364
366
361
366
367
369
375
375
377
374
374
377
376
377
372
371
369
365
367
368
367
368
371
366
367
365
371
368
368
369
368
370
364
371
370
368
366
363
363
362
361
361
361
362
361
359
359
361
364
364
366
367
372
375
377
376
378
379
375
371
375
374
373
371
371
368
369
371
372
372
369
375
376
381
384
387
385
382
383
386
388
387
386
380
380
380
384
383
379
379
372
372
375
375
377
375
374
373
372
378
378
380
376
374
373
375
376
375
372
366
370
371
371
372
373
368
370
368
373
374
374
372
368
368
370
372
370
374
373
374
371
369
368
366
368
368
366
362
363
359
360
360
361
362
363
362
362
360
363
366
365
369
371
376
376
375
374
370
368
370
368
364
367
364
360
363
357
361
361
361
361
363
360
364
364
362
362
364
366
368
368
370
375
374
374
373
372
374
376
376
377
377
373
373
369
369
370
370
372
370
373
366
364
366
370
370
365
359
365
361
362
362
356
358
359
359
362
351
353
353
353
354
352
348
349
345
349
342
348
345
342
343
342
341
336
338
336
339
341
338
334
338
334
337
336
335
333
334
336
334
333
333
331
331
331
333
328
329
327
325
330
329
329
325
322
327
329
329
322
324
326
323
322
326
328
322
321
319
324
321
324
322
324
319
318
322
324
324
322
318
326
318
319
322
327
320
319
320
319
326
322
327
316
317
317
322
318
323
324
318
318
320
321
320
327
322
318
319
314
319
320
321
325
636
319
318
326
325
318
316
316
318
325
320
321
317
320
315
319
317
325
318
318
316
318
320
320
640
320
315
320
323
323
320
315
321
324
323
318
313
320
322
325
313
315
315
323
316
322
315
315
327
317
315
318
319
321
634
317
323
323
630
314
319
320
316
322
308
318
320
321
320
319
319
316
320
325
323
325
322
328
324
321
326
332
330
332
327
326
334
336
337
336
338
252
700
381
347
344
304
376
342
346
344
671
355
347
347
350
346
343
349
349
354
351
350
346
351
352
356
354
354
352
352
356
356
360
359
356
354
356
359
359
359
354
357
360
360
359
360
356
360
359
362
363
355
358
359
364
364
361
359
360
361
365
366
362
360
363
367
368
362
363
365
368
369
367
365
366
367
372
372
365
369
369
372
373
369
368
371
375
377
371
372
374
380
379
373
374
377
381
376
379
372
376
375
380
381
379
376
377
380
379
385
382
379
377
384
385
382
378
380
378
382
382
380
373
376
381
381
377
375
379
379
376
374
376
378
378
375
371
372
375
367
375
377
366
368
366
375
361
366
367
359
368
368
365
366
362
365
368
367
375
369
372
378
380
382
382
385
391
392
389
391
392
397
397
394
394
396
397
397
393
393
394
396
396
392
394
389
387
386
390
388
387
384
385
388
393
390
381
387
391
393
388
389
395
392
393
388
390
393
390
389
386
382
382
382
380
383
372
375
376
375
377
375
370
371
374
373
377
371
377
370
372
368
370
371
372
368
368
370
366
375
375
372
373
378
379
378
385
381
381
380
384
384
386
379
381
381
384
386
382
382
386
387
382
388
389
381
383
382
382
380
392
384
385
384
383
386
387
390
388
384
388
388
393
395
395
392
393
395
398
402
399
396
398
405
405
403
402
398
396
397
400
396
389
392
391
394
394
395
397
392
391
392
395
395
396
389
391
392
396
396
397
395
398
404
404
412
402
408
411
412
414
407
408
409
414
413
409
411
414
417
415
415
412
407
418
417
423
418
415
420
430
435
441
445
445
438
443
438
453
455
461
466
468
467
468
474
483
482
479
486
490
492
479
481
482
491
485
481
477
473
469
459
448
452
446
438
438
443
438
438
433
425
429
427
422
419
422
419
416
416
420
424
416
420
420
418
424
426
422
420
418
426
428
428
433
434
433
431
438
438
440
443
443
443
448
449
453
455
459
461
462
458
458
461
459
457
454
452
453
455
454
453
457
458
459
460
460
464
465
464
462
463
466
468
467
468
476
478
479
477
476
478
477
470
467
470
472
471
467
470
472
471
470
463
456
457
455
453
450
457
458
463
466
467
471
473
475
474
471
476
478
479
479
479
482
482
483
481
479
483
483
484
485
479
485
485
484
483
481
481
482
483
483
480
482
484
485
485
484
482
485
487
488
485
491
494
495
493
495
498
497
496
491
494
494
493
490
487
490
491
487
485
489
491
491
488
492
493
496
495
493
496
496
494
497
501
497
496
492
488
487
485
480
478
475
470
468
461
460
463
465
466
466
467
470
472
478
478
481
480
477
478
479
478
479
478
475
467
466
473
471
471
475
472
472
471
473
475
468
467
466
465
459
452
455
454
451
454
455
459
464
468
471
477
483
491
495
499
504
503
500
498
496
495
491
487
486
487
487
482
479
472
468
469
470
473
474
476
474
473
477
479
480
479
483
489
492
493
492
497
500
502
497
496
497
498
498
492
494
496
496
490
488
493
494
494
491
493
494
497
495
492
496
498
498
495
500
502
500
499
500
505
507
507
504
507
508
509
508
506
509
510
511
509
503
508
509
508
505
510
514
516
511
514
516
514
511
507
506
507
507
506
501
502
500
498
496
493
497
499
501
504
501
507
509
510
506
503
504
504
507
508
501
503
504
503
499
490
496
490
484
485
486
479
468
477
470
465
459
467
462
461
460
457
461
458
455
452
460
455
452
451
448
444
444
446
444
440
442
441
445
444
443
444
447
447
443
443
442
441
440
438
437
432
433
434
435
430
428
432
431
430
432
429
430
429
431
427
429
432
434
433
433
437
438
437
439
443
444
444
447
449
449
448
448
447
448
447
445
442
443
443
441
439
439
439
439
438
438
437
436
435
436
436
437
440
447
451
455
459
463
467
468
468
469
469
469
468
471
473
474
471
473
474
475
475
474
478
479
477
479
480
480
479
481
479
480
477
480
481
479
480
479
478
479
481
477
479
476
474
472
472
468
467
463
459
458
456
458
455
455
455
458
459
461
464
467
466
468
469
472
472
471
473
474
475
475
476
479
479
480
479
483
483
483
484
483
486
487
487
488
485
489
488
487
485
488
484
482
475
473
471
471
466
466
464
466
463
461
461
460
457
456
455
452
449
451
454
454
457
459
462
465
469
471
474
476
482
479
482
483
484
482
475
477
476
475
477
483
492
498
506
513
519
515
521
524
526
525
521
524
519
515
507
504
499
495
490
489
488
483
480
479
479
477
477
478
478
481
479
481
482
484
486
486
486
486
489
486
489
489
490
487
490
487
490
489
490
485
490
487
486
488
490
487
491
494
497
494
499
499
494
498
493
496
498
497
499
497
496
495
492
488
487
487
481
483
479
476
476
473
469
468
466
462
459
456
454
448
448
448
449
451
451
456
460
465
468
470
469
470
466
458
456
455
450
448
446
441
443
444
441
441
438
440
438
440
438
439
444
444
443
444
449
443
445
441
445
444
446
446
446
445
445
445
444
444
444
443
442
441
441
443
444
441
441
441
442
441
444
438
440
440
439
443
444
443
443
443
445
444
444
441
442
438
438
438
436
438
436
437
435
438
437
438
438
439
443
445
449
450
453
457
456
460
459
462
462
460
458
459
458
462
457
457
455
452
447
446
445
441
439
439
440
442
446
456
456
467
468
488
494
491
499
503
499
505
512
512
516
511
505
495
489
487
488
487
487
491
496
503
511
512
518
520
520
525
530
535
534
528
531
529
524
518
508
505
507
511
516
535
562
569
567
582
585
581
569
572
565
555
558
555
549
541
537
531
524
519
512
508
503
494
482
482
475
467
471
469
463
462
458
459
457
455
455
457
465
471
476
478
477
477
469
470
468
466
468
466
468
466
465
466
465
469
472
471
468
470
467
466
468
468
468
473
475
480
482
479
486
488
494
492
494
490
488
485
486
483
483
478
476
473
473
469
466
467
462
464
463
468
470
473
477
476
479
472
475
470
468
470
469
468
468
470
467
466
461
461
462
459
458
465
468
471
479
486
495
506
518
523
528
531
523
523
523
517
516
509
509
509
507
505
501
501
504
511
521
542
564
564
567
588
598
602
589
590
595
598
594
584
584
582
565
561
561
562
555
561
563
565
561
563
570
572
568
569
564
570
575
579
573
557
559
552
553
552
551
547
546
535
520
516
507
502
497
501
505
512
516
534
566
591
603
608
589
586
573
574
566
562
553
540
532
521
519
510
507
511
520
548
585
637
680
647
644
629
615
605
593
582
569
559
541
541
532
525
525
526
525
519
511
513
502
504
510
528
558
599
609
598
601
582
566
564
561
550
545
546
543
538
537
536
533
526
517
513
515
522
535
549
554
548
528
527
520
515
514
510
502
505
511
513
513
518
533
542
554
561
558
556
552
548
526
527
519
513
514
521
529
530
519
524
523
522
530
539
536
528
525
523
520
515
509
494
493
488
486
487
496
507
516
523
538
550
548
544
526
522
515
512
510
506
496
493
494
493
496
509
518
536
553
585
582
580
586
590
591
580
578
572
569
566
556
540
534
526
515
507
503
501
509
515
524
538
548
565
571
569
567
571
573
569
554
556
553
553
550
555
558
564
561
561
558
557
551
548
537
528
517
508
515
511
520
519
522
523
522
526
533
537
546
544
556
568
580
565
573
572
570
570
570
572
574
587
582
584
591
605
617
616
614
618
630
616
604
587
570
557
544
537
538
546
569
597
640
686
688
671
675