686
769
803
751
648
641
609
600
589
599
625
622
612
593
600
599
611
614
618
616
597
595
593
576
570
567
569
623
685
714
718
667
620
604
624
680
749
735
675
662
655
659
634
639
637
646
817
896
877
803
688
658
665
726
729
811
870
785
688
657
663
706
787
766
792
808
769
731
749
747
678
672
668
632
626
632
678
861
880
899
891
826
703
661
646
630
675
807
878
848
820
729
672
646
633
612
635
664
676
648
666
768
857
854
775
672
658
671
710
858
787
755
713
705
699
694
723
708
679
625
601
603
610
744
893
975
868
889
883
841
747
686
666
659
661
661
663
677
690
675
643
644
682
708
760
828
833
815
735
658
650
622
614
614
604
596
590
588
607
769
815
759
688
637
604
596
591
604
613
631
637
685
757
729
641
633
616
604
593
579
585
577
581
599
571
582
571
573
577
593
576
589
588
595
596
586
600
614
604
586
594
589
586
567
572
564
565
567
563
550
544
545
542
545
547
536
540
537
544
541
535
533
534
536
540
538
533
533
538
539
539
532
537
540
553
559
544
541
545
545
545
542
532
541
541
543
541
540
535
537
540
535
559
584
594
575
577
584
584
596
591
571
579
566
557
543
552
537
536
539
550
539
535
533
538
545
558
548
537
540
533
536
536
532
533
538
543
543
539
534
545
547
550
543
540
543
549
558
547
550
555
560
555
549
552
550
556
545
546
548
559
554
541
542
541
539
527
537
557
551
545
549
551
563
551
539
537
537
540
549
556
544
536
543
555
584
591
593
563
571
560
548
532
533
530
537
560
562
559
587
638
636
596
589
590
588
575
557
556
550
542
534
529
531
528
541
563
604
576
555
555
573
622
646
601
574
573
564
557
565
576
586
565
561
550
556
559
565
574
580
585
582
587
591
568
589
609
630
627
607
573
568
558
574
603
641
608
593
580
561
567
570
571
560
561
556
559
563
554
554
559
567
591
579
575
596
614
607
574
581
573
568
548
552
547
547
542
556
584
576
564
560
583
621
609
576
565
570
570
581
585
579
564
564
564
565
573
559
563
569
589
591
631
618
600
609
608
580
583
573
565
554
560
564
592
597
609
598
582
586
593
604
597
573
568
563
562
572
590
576
562
565
561
562
556
563
568
563
566
566
563
548
548
548
550
559
561
595
672
676
592
599
594
595
571
587
594
596
574
586
576
574
564
555
555
556
562
576
613
672
627
595
592
584
589
592
570
570
559
574
592
585
593
599
582
564
561
554
556
559
553
551
563
575
577
553
559
548
539
534
541
543
563
562
561
554
563
577
621
628
623
583
595
587
588
568
570
568
566
562
565
579
592
602
579
589
599
607
583
585
583
585
578
554
548
539
535
541
583
644
622
607
630
638
599
586
592
598
568
562
558
539
540
538
541
558
608
604
599
634
648
619
618
603
597
587
563
561
558
549
550
540
550
567
646
624
605
578
568
563
557
550
559
563
579
591
593
569
586
594
606
622
607
594
568
572
571
553
579
579
614
635
647
636
620
600
586
575
563
546
554
556
596
651
607
617
636
649
643
599
600
580
565
566
567
575
560
556
561
553
556
560
559
544
543
542
536
522
525
532
535
539
545
552
547
531
539
546
546
529
534
530
529
528
521
525
524
521
534
535
546
549
540
540
534
535
539
533
523
526
521
519
511
513
517
525
538
533
541
553
559
543
535
536
529
522
517
511
509
513
510
511
506
505
510
512
515
508
507
510
506
502
499
509
505
510
513
512
515
514
516
502
511
503
490
490
486
489
491
497
515
509
496
498
510
526
530
522
522
531
539
539
529
530
532
527
523
522
522
521
512
508
499
507
498
497
501
494
495
500
498
494
495
508
509
511
503
499
489
490
490
486
484
485
484
482
488
488
490
488
485
495
503
515
513
523
526
516
514
512
514
515
507
502
501
501
495
491
491
497
501
500
513
523
525
521
518
528
529
535
533
519
514
514
509
507
506
497
505
504
511
521
507
515
510
516
524
531
537
528
520
512
514
512
511
514
513
510
507
514
516
535
533
528
523
523
522
522
521
513
504
506
504
499
490
494
502
516
537
540
540
548
546
546
535
514
514
509
504
498
490
490
492
494
506
530
520
532
521
524
522
508
504
506
499
492
486
475
474
478
479
483
484
497
505
500
489
493
493
491
483
482
482
482
484
490
486
486
494
502
519
518
517
513
506
495
496
499
485
487
486
487
488
496
500
517
530
531
517
517
520
520
510
504
509
502
500
497
501
504
502
519
528
529
520
524
508
500
504
496
500
502
499
507
499
492
489
504
519
525
512
503
501
508
505
504
515
507
520
516
518
517
511
511
514
510
503
499
499
501
501
500
507
516
527
539
557
540
533
530
530
529
527
523
515
508
491
491
488
489
493
504
522
519
508
495
497
502
503
511
515
514
509
498
498
500
496
488
484
486
498
502
501
506
513
534
541
522
528
527
531
513
525
525
521
522
500
502
500
498
499
505
507
499
498
509
514
520
522
518
506
506
511
505
499
495
509
506
500
503
513
512
516
522
528
531
534
526
517
526
518
507
498
498
496
498
490
493
503
517
529
516
516
518
513
501
502
507
497
507
507
503
519
517
510
509
514
516
516
505
504
507
502
495
492
479
476
475
480
495
508
504
506
512
521
519
509
512
512
499
501
504
506
504
499
498
498
495
492
492
482
494
500
507
499
510
509
498
497
493
500
496
503
513
524
531
529
516
525
521
523
513
520
518
521
529
519
512
519
515
511
505
507
504
501
497
498
501
494
503
501
505
504
496
501
497
492
486
491
496
500
502
498
485
492
491
496
498
494
492
495
498
502
501
495
501
499
503
503
502
493
494
499
494
484
482
490
490
487
486
487
491
494
482
483
488
488
484
488
494
492
484
481
481
488
481
479
480
476
479
482
487
498
507
497
501
509
523
526
516
522
525
533
524
512
515
514
518
521
518
528
537
532
536
547
544
536
524
510
508
508
504
501
499
504
504
507
512
512
515
533
549
549
547
557
549
541
536
538
539
528
521
517
521
536
578
564
550
540
531
533
547
563
587
612
600
593
588
579
572
561
555
556
577
594
609
637
635
589
602
597
599
602
593
584
564
562
553
565
598
678
761
688
644
618
604
587
585
592
578
580
587
573
563
563
567
584
600
572
555
548
541
557
633
732
676
604
597
620
612
581
571
566
576
653
807
707
630
584
567
555
547
546
547
553
597
779
763
695
646
644
629
626
647
636
637
649
711
735
693
626
595
578
576
577
618
703
690
673
722
762
728
653
623
611
604
606
595
606
622
707
826
763
712
675
646
622
605
592
584
577
580
585
604
657
699
641
652
620
618
644
655
622
607
616
632
641
606
594
593
621
638
674
685
678
729
702
702
696
697
655
611
594
590
585
627
747
677
619
644
680
633
596
593
603
608
587
577
575
574
573
565
555
559
558
562
568
554
546
547
538
535
537
530
524
526
526
534
528
529
521
521
519
515
510
507
516
521
523
525
515
526
519
521
508
520
515
513
513
511
512
500
505
503
500
499
497
492
494
503
502
504
509
506
501
506
506
507
510
503
502
505
501
499
492
489
489
487
489
490
489
492
487
488
493
496
501
501
498
499
503
504
505
495
500
503
501
494
492
493
489
493
495
507
516
505
500
503
504
510
502
502
499
500
501
506
506
502
512
520
520
512
510
516
516
511
504
502
506
501
499
495
508
513
530
528
545
551
545
529
531
529
531
517
512
513
512
513
502
501
500
501
505
503
504
507
512
504
506
511
510
509
510
506
505
497
489
490
486
494
521
526
520
516
518
544
545
526
525
525
535
521
518
514
518
524
527
528
511
511
509
508
509
497
498
502
503
520
538
536
521
511
510
514
514
519
507
516
515
517
517
513
514
511
513
516
519
511
522
532
516
532
535
518
529
527
530
529
536
535
531
528
519
516
508
521
513
521
527
529
519
530
523
515
531
525
527
518
529
524
523
516
510
514
502
501
504
524
548
572
539
550
538
538
524
530
533
528
525
525
519
514
513
510
515
507
510
521
525
554
583
580
549
556
539
534
525
521
517
517
508
504
496
496
503
521
555
558
532
536
530
524
525
521
518
525
524
524
522
530
534
527
526
527
523
508
522
521
525
534
544
538
523
540
532
535
534
515
526
524
518
521
524
533
525
521
529
533
523
519
527
525
528
521
522
519
515
514
514
510
517
521
517
509
519
515
513
511
516
521
538
547
537
549
549
563
561
549
553
547
549
531
540
535
534
531
531
521
513
518
511
515
532
591
581
553
557
563
542
553
542
545
544
547
528
536
527
518
508
519
509
511
514
515
514
517
515
512
513
521
517
513
521
522
511
521
526
528
532
531
530
525
524
519
500
518
505
502
507
514
524
513
526
533
539
537
536
521
516
522
516
501
505
511
515
524
537
538
526
532
525
521
505
512
508
501
502
502
495
495
495
503
523
568
574
569
564
582
553
542
541
540
524
521
518
525
521
531
538
541
543
541
540
533
524
515
524
510
504
501
501
513
522
542
567
598
556
569
560
551
535
536
533
519
521
519
525
549
563
557
563
551
551
545
549
546
534
534
533
529
518
519
524
524
520
519
527
530
534
522
529
524
518
515
511
501
500
504
507
509
508
509
506
509
512
511
520
538
531
536
540
563
574
558
538
544
531
518
512
515
509
506
507
513
521
531
550
573
571
578
586
584
582
572
564
539
536
531
518
524
535
563
561
558
581
746
697
648
641
620
581
573
564
557
557
566
599
678
770
697
618
603
608
611
593
600
604
610
569
566
586
615
623
605
589
566
558
552
541
553
672
1015
848
835
739
726
667
690
832
696
650
642
605
589
582
624
680
648
610
582
585
594
591
559
570
603
705
808
679
645
638
646
615
622
646
646
609
606
631
653
624
623
617
616
581
573
577
627
642
628
593
571
553
535
525
518
513
524
693
822
860
835
683
610
572
549
538
534
538
558
647
848
710
618
574
562
563
569
593
597
561
546
547
545
572
780
671
619
578
564
577
578
581
586
592
585
578
566
567
571
561
545
535
525
513
515
531
741
820
680
609
631
709
864
781
772
712
646
601
598
610
599
620
689
850
749
686
675
674
650
646
686
657
597
565
557
546
539
530
532
527
519
519
526
523
521
511
501
500
497
495
496
505
498
495
494
495
492
488
483
479
478
472
473
471
471
478
474
475
473
472
471
469
466
464
463
466
463
467
467
469
471
460
459
461
458
461
458
459
458
452
452
448
451
446
443
446
445
445
438
438
435
437
439
435
435
431
431
430
431
432
429
433
432
433
436
438
434
435
432
436
434
435
435
433
431
434
434
434
433
430
425
423
424
423
423
424
420
426
425
428
422
420
416
417
418
418
414
412
412
414
413
411
407
405
406
404
406
401
400
398
401
399
401
397
397
396
399
397
396
393
395
392
396
394
397
394
396
396
397
396
398
396
397
397
399
398
396
396
397
396
396
391
394
393
393
393
391
390
392
395
393
388
390
389
392
393
392
385
386
387
387
384
383
382
384
384
380
379
380
380
381
377
377
378
380
380
377
377
377
379
379
376
375
379
378
380
373
378
376
376
379
378
379
377
378
380
380
381
380
376
380
379
382
382
378
381
383
384
384
383
386
386
387
381
382
384
384
383
379
379
381
382
380
378
377
378
379
380
375
371
375
374
377
371
371
372
371
375
373
374
369
366
366
370
370
368
368
367
369
370
371
365
368
369
371
370
365
368
369
372
366
369
370
374
370
370
374
373
377
372
374
376
376
378
372
373
373
375
373
370
372
372
374
368
369
370
371
368
368
366
370
369
367
366
367
367
367
365
364
367
368
365
365
368
369
369
368
368
369
369
373
368
370
370
372
372
373
373
373
379
372
374
376
377
378
375
375
375
377
379
381
377
378
377
380
379
383
379
378
382
383
380
379
380
381
379
379
380
384
381
380
384
387
382
381
383
385
388
384
384
385
385
390
383
384
385
386
386
384
384
383
387
384
385
379
381
383
384
379
380
380
381
376
377
380
376
376
378
379
375
375
376
376
370
368
371
370
370
366
368
368
366
365
363
368
367
364
363
362
362
364
361
360
361
365
360
359
361
361
361
358
359
358
360
357
357
359
357
355
357
357
360
360
358
353
360
358
356
355
357
360
352
359
354
361
363
355
355
359
360
358
357
358
360
356
358
356
362
359
360
362
360
368
367
365
365
368
368
370
365
361
369
365
363
364
359
367
366
365
363
368
371
369
370
372
374
373
371
374
376
376
375
374
376
375
379
374
374
378
376
377
373
375
373
377
373
372
375
374
376
374
375
375
377
375
377
374
378
378
378
377
372
378
377
376
373
373
371
375
375
372
372
374
377
379
374
376
374
377
373
372
372
375
371
371
370
376
369
371
370
373
376
374
373
376
373
376
377
382
376
375
380
381
380
378
379
381
377
376
378
376
374
374
372
375
374
374
376
375
378
378
377
381
382
378
378
379
382
376
377
378
378
379
376
377
376
378
381
376
379
379
383
382
381
384
383
385
378
379
381
380
379
375
376
374
374
374
368
371
370
371
367
366
369
369
368
365
364
365
367
364
363
364
367
361
363
364
363
363
360
362
367
359
366
362
366
368
368
372
362
368
371
370
366
368
371
371
373
369
365
372
373
372
372
372
373
374
372
374
374
374
377
372
372
373
372
368
368
368
370
372
368
367
367
366
366
365
362
362
361
360
365
358
359
358
360
354
357
357
357
354
354
353
355
355
359
349
355
356
358
350
352
354
355
354
351
350
353
354
351
349
352
350
350
351
346
353
348
351
346
348
352
351
345
348
351
351
349
344
348
349
352
347
343
350
348
348
344
344
346
347
344
341
343
344
345
337
343
343
345
342
338
341
343
344
343
338
346
342
343
340
340
344
343
338
343
342
341
339
337
344
340
339
339
343
341
337
339
340
342
343
339
335
344
340
338
334
342
339
338
332
340
331
339
335
338
330
341
333
329
334
336
336
326
333
338
332
332
326
335
335
329
327
329
336
331
328
324
329
336
328
325
326
330
334
328
329
323
328
273
385
328
321
327
328
328
327
321
326
327
330
328
321
324
328
331
326
326
322
327
330
325
326
321
327
328
327
324
321
324
328
328
321
324
322
327
324
321
324
320
328
324
323
317
322
324
326
324
318
325
322
323
325
319
322
327
324
320
321
329
322
322
320
327
328
321
322
323
323
326
319
325
324
321
322
254
388
323
319
322
321
322
320
319
321
320
319
319
320
320
319
316
320
320
318
317
317
320
320
318
317
318
319
321
316
317
318
318
317
315
317
316
318
317
318
319
319
317
321
320
322
319
321
324
320
324
320
324
325
324
322
324
328
327
323
325
325
327
326
326
327
328
327
327
332
330
331
330
335
333
333
331
333
334
333
333
335
340
334
336
339
338
338
338
340
342
340
342
342
341
342
347
341
345
348
349
349
348
350
349
352
351
350
354
349
350
352
356
354
350
352
354
351
352
350
353
350
353
348
351
351
352
349
349
351
353
354
353
354
354
354
352
356
354
356
351
355
356
356
353
355
355
354
354
357
356
356
354
359
357
354
356
360
358
354
357
361
360
356
361
365
359
360
366
364
362
364
367
365
367
367
368
370
370
374
371
366
369
369
369
364
366
370
367
368
367
371
372
374
373
375
382
383
383
383
389
391
388
385
390
391
384
386
391
388
386
390
390
387
384
389
387
388
386
389
386
390
390
384
387
385
385
388
387
383
388
391
391
389
391
394
396
393
393
396
396
399
394
393
397
399
396
397
403
400
399
402
406
405
400
403
406
405
409
407
399
404
404
402
400
404
406
404
405
407
408
410
403
405
405
410
405
409
407
402
409
410
407
407
412
413
416
416
419
422
423
424
425
427
421
421
422
421
419
422
418
416
420
421
423
420
419
426
428
430
433
433
436
438
437
435
440
442
435
438
446
446
451
452
463
479
477
479
490
493
490
503
511
507
495
492
483
468
457
457
458
459
458
465
464
461
462
463
464
459
455
443
443
444
442
441
445
449
447
451
451
450
452
452
447
449
449
449
450
446
450
454
452
449
455
456
456
457
458
458
459
457
452
450
456
453
451
453
453
448
455
455
457
453
461
463
463
463
461
456
460
459
462
464
461
466
471
470
470
476
476
480
478
483
486
488
486
488
487
487
481
475
477
470
471
469
471
470
463
465
464
471
472
478
479
484
492
491
486
481
491
489
483
483
489
487
493
496
499
503
508
492
488
495
498
503
517
528
534
533
529
532
526
525
518
511
504
510
509
499
498
503
504
499
503
506
506
497
495
497
498
501
505
502
501
507
504
506
502
497
498
500
496
492
490
498
496
505
506
511
511
510
511
509
505
500
486
490
487
491
486
492
498
501
501
506
503
512
509
515
499
502
502
500
496
486
483
485
483
487
485
489
493
496
497
502
501
500
505
503
501
494
494
495
490
486
483
486
491
491
492
499
499
501
498
504
503
505
500
504
502
500
497
494
483
485
489
487
485
485
492
507
525
525
524
521
520
512
510
500
505
503
500
493
489
495
498
499
500
503
504
503
501
496
495
500
498
500
496
506
519
550
594
573
573
576
565
563
555
541
542
530
515
518
512
502
505
505
506
502
506
509
511
512
514
511
509
512
502
495
498
495
491
497
504
510
518
521
525
536
533
536
536
536
526
521
508
515
514
519
519
521
521
523
525
534
544
542
540
536
532
528
521
521
520
512
519
516
514
514
515
518
523
531
534
538
542
545
550
554
555
549
544
534
538
533
521
516
524
526
525
535
543
545
538
544
541
539
539
538
536
536
527
529
523
520
512
507
509
514
531
548
561
565
584
597
601
606
604
559
543
536
528
524
523
521
522
521
524
522
511
516
515
521
522
526
527
543
543
547
543
549
554
555
553
557
557
550
549
555
548
545
548
545
549
548
545
546
539
534
533
532
531
533
536
536
542
541
542
538
536
525
521
523
518
513
517
515
516
525
543
576
616
591
577
577
560
563
556
544
541
537
530
523
524
523
523
526
527
537
545
549
550
553
555
544
547
543
536
525
526
521
513
514
521
528
540
549
562
579
569
579
588
577
570
572
560
556
548
543
542
539
540
533
531
535
528
526
521
527
528
526
530
531
525
530
527
521
523
522
522
521
519
516
516
514
510
507
503
511
517
517
524
526
530
544
541
545
541
539
534
527
522
516
509
508
507
504
499
503
503
507
506
514
530
528
523
521
521
526
525
527
526
523
522
520
516
515
516
516
517
516
520
522
530
538
542
546
557
558
551
550
547
542
533
530
526
519
517
516
516
519
508
521
524
544
582
605
599
606
624
603
603
598
584
589
580
567
563
564
557
546
549
548
555
554
563
566
560
558
561
571
582
598
598
582
586
574
569
563
561
556
555
547
548
552
563
599
641
642
613
593
580
577
580
574
567
564
569
560
551
552
549
542
540
536
535
540
547
557
569
573
572
557
563
563
559
553
553
548
546
543
544
540
541
544
546
550
550
559
566
569
570
574
573
571
569
565
561
557
553
547
543
544
545
545
551
558
568
593
595
584
579
577
571
565
562
556
546
546
537
526
534
537
548
575
590
604
600
594
586
581
568
565
561
561
556
555
550
552
549
548
546
548
548
550
548
551
554
561
568
572
578
587
586
591
589
584
581
577
573
566
563
557
549
551
551
551
550
559
566
586
593
579
575
577
572
578
574
574
571
563
560
551
541
539
538
535
535
545
557
585
588
607
633
641
602
593
584
576
564
560
557
558
550
552
546
550
554
555
554
555
550
549
539
540
536
537
538
540
545
548
553
552
559
558
562
561
560
555
556
553
549
544
541
538
539
545
548
550
560
564
566
565
573
573
572
566
582
571
574
577
573
578
583
584
586
585
580
580
573
568
554
557
554
550
546
552
559
563
566
574
573
574
574
565
567
559
556
551
551
550
563
564
573
566
566
564
563
560
558
559
560
557
550
547
553
550
550
554
561
556
571
586
595
609
610
614
624
613
615
614
610
598
597
590
585
579
571
560
552
555
550
546
546
545
541
542
544
554
574
593
583
580
581
584
583
580
576
571
565
561
559
555
549
549
551
561
581
620
671
723
771
699
646
634
619
609
603
598
594
589
585
582
580
575
572
571
578
596
617
610
599
600
596
587
584
579
576
571
571
569
570
571
577
581
604
614
619
627
628
613
606
601
590
582
575
570
563
556
553
551
550
549
546
544
550
554
550
564
583
604
600
598
598
593
587
580
568
565
560
540
543
537
536
524
521
522
522
522
525
532
534
538
539
532
534
543
541
543
549
555
546
556
550
545
550
543
536
536
530
525
522
529
530
525
536
541
541
550
547
538
544
541
539
536
543
544
547
546
545
549
547
540
542
542
544
551
547
545
536
546
540
534
530
532
529
529
523
525
526
526
532
545
563
582
582
572
569
571
578
581
584
586
583
575
569
569
565
566
569
563
572
574
561
573
581
591
591
599
603
609
600
597
598
591
589
583
577
571
567
563
555
554
558
577
664
722
635
636
624
615
591
600
596
587
572
575
565
563
562
566
562
551
542
552
556
548
539
547
546
546
548
547
551
553
555
555
561
555
555
556
556
562
562
567
574
584
581
574
570
572
571
576
583
583
580
578
583
589
587
587
590
594
603
602
595
593
594
594
596
591
587
586
588
592
588
593
600
620
612
606
609
611
601
597
590
588
587
584
584
581
585
585
580
586
602
642
642
626
625
630
625
609
604
595
592
578
574
574
571
576
575
583
587
586
584
585