813
831
773
752
768
791
889
922
923
851
872
861
865
850
848
844
820
864
862
889
896
853
883
910
871
892
917
881
870
869
879
854
870
878
830
845
857
799
752
725
801
965
973
973
960
913
863
764
751
710
714
727
710
721
883
980
968
923
904
844
834
781
805
797
789
730
726
716
721
748
764
767
755
726
714
681
704
759
748
691
673
893
989
1021
957
938
912
813
821
808
802
816
786
819
822
798
851
879
887
852
836
828
831
801
815
827
827
838
821
826
845
844
798
746
738
736
773
813
837
849
834
834
781
777
752
729
715
743
738
725
714
702
724
768
773
841
834
844
837
792
799
802
793
703
716
760
816
869
890
848
842
804
750
730
747
751
776
718
756
763
756
761
739
715
696
664
659
659
663
677
662
670
722
752
734
742
688
661
668
673
672
674
618
656
650
647
659
656
646
637
619
606
594
595
591
594
592
606
593
606
625
632
682
699
729
642
648
654
648
640
631
620
637
645
658
646
639
659
669
663
639
663
680
669
665
652
634
645
655
648
653
621
638
642
652
659
663
665
629
644
641
648
640
648
651
653
649
644
613
589
586
647
722
718
724
693
659
623
627
623
592
599
601
598
605
601
600
580
595
603
624
632
622
650
682
691
654
654
656
642
621
615
620
630
647
647
654
647
644
609
607
604
616
609
596
622
640
633
632
631
671
672
682
670
660
650
633
600
607
600
584
592
603
608
600
636
671
700
700
682
646
642
637
650
632
651
647
626
628
635
638
600
593
589
607
627
653
643
643
604
572
594
596
601
641
623
645
630
620
619
605
622
601
604
619
652
663
641
607
619
635
660
626
665
690
707
732
725
667
684
699
677
661
702
725
714
690
660
657
641
610
627
637
664
638
629
647
665
655
658
717
745
704
674
716
708
672
673
695
699
675
657
688
702
674
662
703
714
690
680
691
698
666
677
709
720
688
683
702
697
660
689
642
651
642
631
663
673
656
649
653
642
627
670
690
679
648
695
690
754
729
717
655
661
669
663
671
674
641
663
649
643
677
697
708
674
665
658
651
615
627
641
672
670
612
654
682
758
746
729
729
651
645
634
644
639
607
629
628
644
664
673
673
642
649
654
642
650
687
725
669
645
667
702
713
657
649
620
621
614
621
608
640
656
677
657
648
699
726
714
689
698
662
673
680
685
647
688
708
692
666
710
676
692
703
692
681
664
656
625
646
650
667
632
646
655
648
661
627
645
652
654
637
660
657
631
631
616
624
619
617
612
607
603
582
580
576
577
586
590
596
593
601
595
566
572
577
588
591
588
589
583
574
550
566
569
564
592
631
646
601
664
691
683
647
632
620
609
603
587
583
563
570
552
549
549
563
604
700
767
693
699
730
667
688
679
681
669
671
659
626
645
646
655
646
626
644
636
634
606
613
630
642
604
590
582
592
602
606
594
594
598
607
608
599
580
569
573
576
578
568
562
570
575
587
594
590
575
579
584
588
581
569
570
583
594
595
585
570
568
566
574
601
603
591
570
555
545
568
626
650
690
691
674
637
598
595
592
589
576
575
579
576
568
571
564
556
549
553
568
581
583
564
557
556
564
573
574
563
552
557
561
562
555
548
548
563
569
561
553
549
550
555
553
547
543
547
552
544
544
536
529
527
526
526
527
536
527
532
533
534
527
534
545
555
550
544
549
550
554
563
564
544
547
541
540
537
533
529
530
524
521
519
514
523
522
525
525
521
518
517
521
541
562
571
572
553
550
564
563
562
546
544
558
558
552
537
530
527
533
536
533
535
535
543
544
546
537
533
528
520
527
551
585
599
578
558
563
571
565
554
543
546
554
550
546
533
528
530
532
533
529
521
512
521
534
562
574
568
550
550
547
544
549
533
521
525
528
539
545
544
539
530
522
526
527
528
521
540
544
549
557
560
544
535
538
535
531
525
521
521
519
517
515
510
509
515
511
505
508
520
520
511
518
522
527
528
520
515
507
504
505
520
531
531
521
512
518
525
518
518
515
516
510
516
519
536
568
583
576
570
547
530
526
532
537
537
526
522
523
531
539
537
529
524
534
548
557
551
537
544
558
565
555
543
533
538
544
545
541
530
530
539
550
554
549
553
555
557
557
544
556
557
552
547
540
254
284
527
526
520
516
522
528
527
521
527
538
541
537
527
530
534
534
528
531
540
538
531
532
538
534
529
534
1085
308
744
529
529
534
537
541
543
524
533
535
540
532
528
529
527
521
528
537
541
541
529
529
536
536
533
527
535
537
526
526
534
542
544
541
534
543
534
528
520
530
519
521
470
581
514
530
264
264
324
473
479
271
544
493
612
646
271
300
554
552
1234
308
587
334
705
519
521
519
519
524
529
521
541
525
522
317
736
518
512
504
501
497
501
499
497
490
490
496
505
506
496
493
499
512
518
510
507
503
515
530
548
553
539
525
520
523
532
545
543
528
519
522
536
533
535
524
520
526
264
267
522
514
505
505
510
513
507
503
506
516
511
511
513
524
513
518
522
531
524
518
515
516
514
513
515
515
512
514
521
530
539
528
521
526
532
532
519
510
510
397
646
511
509
503
502
503
505
505
503
501
506
508
504
500
499
503
508
506
504
505
518
523
521
516
518
525
529
526
517
512
518
520
515
510
503
508
279
741
501
329
670
511
515
513
510
522
533
532
521
520
521
525
521
516
527
543
541
523
527
536
548
556
553
541
535
534
535
526
522
523
524
522
521
521
524
521
523
528
533
532
539
551
544
543
547
558
552
551
560
571
564
575
581
596
592
578
577
581
594
601
588
598
604
602
606
606
593
573
567
566
557
548
554
555
574
627
690
670
658
618
599
593
571
584
600
624
653
607
639
653
675
640
655
659
662
679
618
632
634
625
617
612
611
606
596
589
580
564
560
553
548
550
555
556
555
559
559
566
561
559
563
569
588
601
587
586
591
593
587
596
609
617
620
607
584
584
581
589
602
611
616
605
595
577
572
572
568
580
623
695
728
757
779
777
758
735
702
671
629
614
608
615
610
624
618
644
650
621
682
672
664
643
655
652
625
608
617
615
599
625
651
677
643
665
663
681
703
674
676
658
663
678
640
656
649
673
730
698
717
690
708
715
690
641
661
607
582
618
718
742
775
713
748
728
714
689
658
610
615
607
618
613
593
595
593
576
583
577
591
571
583
583
586
580
567
565
566
557
564
565
563
563
567
563
563
557
543
540
540
534
527
523
525
521
516
510
506
506
507
510
515
511
513
516
520
515
518
521
521
522
514
510
514
516
519
523
521
510
511
516
521
518
522
521
521
515
521
522
515
516
523
521
522
516
523
524
521
518
526
532
528
526
518
523
521
521
515
512
511
511
508
504
501
505
507
503
499
503
508
501
508
510
517
521
523
510
520
519
521
527
529
521
518
518
522
519
514
508
509
512
506
505
500
498
500
504
508
512
512
511
515
507
503
507
499
498
501
505
509
508
505
496
497
501
504
510
509
500
496
499
504
501
496
496
499
505
502
502
496
497
503
506
502
500
497
497
501
502
493
489
489
492
495
493
492
491
497
499
491
489
494
496
500
496
497
506
511
509
504
510
509
508
506
501
509
516
508
506
516
521
512
519
520
526
531
518
520
527
521
518
516
521
511
519
518
526
526
514
521
523
518
516
521
523
521
518
525
528
521
528
534
536
536
534
535
532
527
512
504
497
510
530
579
603
607
590
580
550
531
532
528
521
518
523
525
533
541
532
525
523
527
522
519
524
528
523
520
525
534
521
529
531
535
522
523
527
523
518
513
507
506
513
515
509
510
508
511
521
519
511
508
510
514
513
510
502
508
507
510
513
516
509
505
499
506
511
509
505
503
502
510
516
508
503
502
507
516
512
506
507
512
518
516
514
518
521
518
513
519
521
521
526
520
509
508
514
519
511
506
504
511
514
509
508
505
510
510
521
529
523
522
516
514
515
515
512
507
507
507
504
501
497
494
497
499
503
499
507
513
515
513
509
504
510
512
508
504
505
509
508
504
503
502
502
502
493
487
487
494
500
495
491
490
496
504
497
496
490
491
495
489
491
498
501
502
505
503
496
498
498
492
488
491
495
495
489
486
489
493
488
484
486
487
482
481
479
484
485
489
492
489
488
489
488
481
482
481
479
479
480
481
481
479
481
486
479
487
490
493
495
494
489
491
495
494
491
495
497
497
487
487
491
490
495
502
499
497
491
490
495
494
498
505
507
510
493
501
501
502
502
499
493
492
494
494
491
489
488
493
497
493
493
493
501
505
493
498
503
507
503
504
506
506
502
498
495
501
504
506
500
501
498
499
500
502
503
502
500
493
489
481
477
488
494
512
522
514
504
508
513
513
504
501
504
509
512
509
503
495
494
495
497
499
494
492
497
502
509
507
497
496
496
501
505
499
497
502
509
506
506
503
513
519
527
528
521
513
502
518
545
558
562
547
529
536
535
530
523
514
514
515
522
529
523
515
519
532
539
533
551
587
636
620
629
646
617
608
604
597
619
620
620
592
594
587
590
582
584
597
580
596
601
602
604
598
587
558
556
586
651
682
669
661
648
666
633
640
645
617
627
642
639
613
630
644
657
646
622
612
615
617
621
593
602
604
610
593
623
686
725
743
755
776
771
701
669
650
645
634
628
642
678
667
674
695
683
643
672
687
725
681
691
686
718
676
682
685
677
705
716
676
690
685
654
658
664
669
667
647
616
611
615
617
615
637
657
689
724
673
648
632
603
609
612
623
627
648
659
673
674
642
634
626
632
635
656
707
721
698
661
635
621
593
603
620
674
710
725
728
667
679
657
626
627
636
615
612
611
625
642
679
709
724
699
647
638
623
621
608
607
672
758
771
764
722
667
621
606
588
576
578
578
575
573
580
579
573
561
544
541
531
536
535
539
530
524
519
513
516
527
544
544
538
533
523
517
509
506
508
505
504
502
503
507
507
509
501
499
496
492
488
485
478
475
469
471
476
479
473
471
464
464
460
462
461
458
456
457
450
453
452
453
452
450
448
446
443
446
444
449
444
443
442
439
436
438
436
438
435
434
430
432
429
433
429
431
428
428
426
428
427
425
422
421
418
421
420
419
415
417
413
413
411
414
414
417
412
415
410
412
409
411
412
415
414
416
415
417
415
414
410
413
411
413
410
409
406
409
409
411
408
409
405
404
403
406
403
403
396
399
398
400
398
397
395
396
395
397
394
396
394
394
395
394
395
394
394
395
391
393
392
394
391
394
391
391
392
391
390
389
391
390
388
392
389
390
389
391
386
387
387
389
389
387
386
387
385
386
387
389
385
386
386
386
385
386
381
384
382
381
382
384
383
382
379
380
377
380
378
380
377
377
377
377
378
380
374
379
376
379
373
380
375
380
374
378
375
379
376
378
374
378
376
378
375
377
376
375
375
376
376
374
373
374
375
375
375
374
374
375
375
374
374
374
374
374
374
373
371
371
370
372
370
371
370
372
371
374
369
372
370
371
370
371
370
370
369
368
369
371
370
371
369
370
371
370
369
372
371
373
369
372
369
373
373
371
372
371
374
375
373
374
371
373
371
373
371
374
373
372
372
372
373
372
374
374
374
374
371
372
373
374
373
373
372
374
371
371
372
372
371
372
371
371
371
371
374
373
372
373
370
373
373
374
373
374
373
374
373
376
374
375
374
375
376
377
379
379
379
379
379
379
379
380
382
380
380
380
378
378
379
378
379
378
376
377
376
377
377
376
374
376
373
377
375
376
375
375
374
375
372
378
374
375
374
372
373
375
375
375
375
375
374
375
374
378
376
375
377
373
374
376
375
374
373
374
372
376
374
374
373
373
372
374
373
374
372
374
372
374
374
376
373
373
373
372
373
374
374
374
371
374
373
374
373
374
374
374
372
374
374
375
374
379
374
375
373
378
377
379
376
376
378
379
378
377
377
378
375
381
380
380
380
379
377
379
376
379
377
377
376
376
377
378
372
376
376
376
375
376
373
375
376
377
375
373
376
375
374
378
371
375
374
374
373
372
372
373
371
374
372
368
372
370
372
371
369
372
369
370
369
371
372
373
372
375
372
371
374
373
373
376
374
375
375
375
376
377
377
381
376
378
378
380
380
382
382
383
378
381
381
382
382
386
383
383
382
384
385
387
387
388
387
386
387
387
389
390
390
389
387
388
387
386
386
385
382
383
383
384
383
383
380
382
380
382
382
381
379
381
381
381
382
381
379
381
382
382
383
384
378
383
381
383
384
381
382
383
380
383
383
381
381
380
381
383
380
379
379
383
380
383
381
382
383
382
381
385
384
386
386
385
383
385
385
387
387
385
387
389
389
391
390
388
390
390
392
395
395
395
394
393
393
396
393
393
391
391
393
392
393
395
391
391
394
391
392
394
388
394
390
394
389
390
390
390
389
391
387
388
386
388
386
388
384
389
386
390
385
387
387
388
389
387
387
387
389
384
385
387
386
384
384
387
385
387
387
387
386
383
385
386
386
386
384
385
385
386
384
383
383
383
383
386
382
382
382
385
382
383
380
383
380
382
381
383
375
382
380
380
376
378
375
380
379
376
375
377
376
374
374
374
375
376
369
374
369
375
372
375
368
372
369
372
369
372
367
371
369
370
368
370
364
370
361
367
367
367
364
367
365
366
366
366
365
368
364
367
364
364
363
365
363
365
358
363
360
361
362
360
360
360
359
361
359
357
359
359
357
355
360
358
355
355
354
358
354
355
353
354
357
353
354
354
352
354
354
351
352
351
351
352
349
351
349
351
346
351
348
349
348
348
349
346
345
348
345
345
346
345
345
348
345
344
340
343
343
343
343
343
341
342
341
343
339
342
337
341
336
340
341
341
339
343
339
339
338
341
337
341
337
341
336
338
340
334
333
339
334
338
336
336
339
335
337
336
334
333
334
337
334
335
335
334
333
336
335
333
334
334
335
334
332
331
332
332
336
333
331
336
334
333
332
336
332
334
334
336
328
336
336
334
330
336
327
332
328
335
334
329
327
332
332
335
331
332
327
335
330
330
328
332
332
326
331
330
334
328
329
329
332
327
332
328
331
330
328
332
328
328
331
332
326
329
328
330
325
333
326
331
325
329
330
330
329
326
330
324
328
328
326
327
324
332
324
328
324
326
323
331
323
329
324
326
320
326
328
325
324
326
327
329
327
325
330
331
330
327
334
333
331
328
332
335
336
334
334
336
335
341
337
337
337
342
341
342
339
339
343
345
342
339
346
348
347
345
344
347
347
349
350
352
356
351
349
356
354
351
349
355
357
355
351
358
357
354
355
359
359
358
350
362
362
360
354
359
363
363
358
358
362
367
367
358
366
369
369
366
366
369
366
374
376
369
374
372
371
378
376
367
374
376
372
366
377
375
370
372
379
376
367
380
377
373
376
379
378
369
383
378
374
379
383
382
379
378
386
385
383
376
387
386
385
377
386
389
389
388
382
390
394
396
393
390
398
400
399
392
398
403
399
393
405
399
397
402
407
403
402
404
405
407
402
403
405
403
398
403
401
403
405
402
399
400
402
403
400
400
398
400
398
403
396
396
398
396
396
398
397
396
393
397
397
395
398
403
402
401
402
408
404
404
411
409
408
408
416
414
418
414
419
420
418
418
416
422
418
419
415
419
416
415
413
415
414
414
413
412
413
414
408
411
414
408
410
410
411
407
410
410
406
409
410
410
407
407
409
409
406
405
406
406
408
410
408
408
410
410
415
413
410
416
416
416
413
418
415
415
414
420
418
418
415
421
420
420
417
422
422
424
421
425
421
421
418
419
422
420
418
423
422
423
424
426
423
428
425
427
429
427
428
425
428
427
428
427
426
427
424
428
427
424
426
426
422
424
423
422
423
423
423
421
423
425
429
428
429
433
431
434
437
438
440
437
442
443
439
443
444
442
442
441
442
446
450
451
454
456
451
453
451
451
451
449
444
443
445
442
439
443
438
440
443
440
442
444
447
450
450
452
453
454
456
452
457
454
454
457
453
455
454
454
453
456
453
456
453
456
454
454
455
454
454
452
453
454
450
453
453
450
455
453
457
456
455
458
457
458
457
455
456
453
454
451
454
452
452
453
449
456
455
457
459
462
467
468
468
470
471
470
472
466
468
459
462
460
458
462
459
461
457
462
458
461
460
461
462
463
463
465
464
466
462
465
461
460
459
459
460
455
458
460
458
460
459
461
462
462
463
463
461
464
457
457
454
453
451
450
447
450
449
443
453
458
464
472
471
476
482
489
488
491
502
513
505
505
509
532
549
556
546
546
562
563
549
574
575
563
555
575
572
572
569
550
553
561
561
565
551
540
564
566
556
556
582
573
567
594
581
569
597
598
602
571
610
604
582
611
609
592
607
620
612
596
622
600
601
619
609
595
624
616
599
630
609
614
623
622
602
609
619
620
601
601
619
597
591
619
624
602
624
624
609
615
628
618
600
628
617
594
621
625
635
641
640
639
635
608
620
611
610
611
609
602
586
600
597
577
601
594
580
606
610
597
591
615
613
617
609
583
604
598
579
566
599
600
614
624
603
633
629
608
625
629
624
603
632
631
604
589
629
623
622
625
614
597
579
586
572
572
570
565
555
563
570
569
571
563
560
563
563
563
563
563
555
568
572
574
567
592
598
583
604
600
591
593
599
590
592
604
600
593
611
612
596
614
613
602
601
611
607
595
614
610
598
618
620
603
620
623
607
612
621
619
599
605
610
613
604
609
622
619
611
630
621
627
630
635
627
623
623
617
603
600
596
595
592
580
594
595
585
597
603
601
594
614
612
598
615
614
596
614
604
597
607
606
603
597
585
598
598
599
595
597
584
582
590
592
591
584
601
606
602
603
618
620
605
624
624
619
606
623
625
616
602
617
619
621
605
621
621
617
603
611
608
607
601
588
587
587
592
591
593
599
606
601
592
591
586
586
581
575
564
558
568
571
578
578
573
585
591
592
591
585
578
582
585
585
591
580
579
584
584
576
592
597
600
599
605
607
609
601
594
584
590
587
590
588
583
587
594
595
596
603
600
601
593
580
591
584
578
575
582
587
583
598
604
610
602
614
617
619
622
614
612
612
610
596
607
606
603
607
609
598
614
609
608
607
604
607
594
598
604
604
603
608
604
604
602
596
606
598
602
600
593
586
594
593
593
602
584
598
603
603
594
610
606
609
609
612
613
612
611
608
604
602
599
599
583
591
594
599
609
617
605
621
619
616
617
603
587
588
589
591
600
601
606
599
606
615
623
628
619
608
623
621
620
607
611
616
610
610
609
606
602
611
600
604
612
617
620
626
622
608
613
614
614
619
625
612
627
618
619
616
604
613
609
612
612
613
599
609
605
608
605
604
596
609
607
604
616
625
631
634
629
616
608
616
608
612
608
608
597
600
599
598
595
587
593
595
598
599
604
594
604
608
610
614
591
610
607
605
605
609
609
610
601
589
598
599
598
604
611
617
619
608
619
614
604
593
598
590
584
594
590
615
635
660
660
652
662
661
646
636
642
635
629
614
611
617
616
612
607
618
612
622
628
631
633
631
603
623
613
609
608
612
612
615
613
612
610
595
603
597
599
595
610
619
635
622
628
635
628
646
649
651
652
642
631
629
617
604
608
604
605
587
604
603
606
612
619
622
624
607
616
604
599
600
602
603
605
605
600
605
601
602
588
599
600
601
597
588
595
594
588
602
610
622
635
638
638
640
629
634
623
616
597
583
595
594
600
604
609
603
611
610
611
613
613
614
618
604
600
603
608
606
613
617
616
616
613
609
606
599
592
595
593
601
600
609
621
648
670
666
663
661
648
642
623
621
609
604
598
596
596
604
612
624
631
640
630
647
651
638
650
637
644
642
642
628
641
637
634
638
642
627
628
627
632
626
631
636
641
645
642
643
618
625
617
608
602
594
604
604
598
608
613
619
629
622
641
644
644
653
656
657
640
653
645
642
623
632
632
632
636
640
625
643
640
640
629
634
630
622
629
624
619
607
619
616
622
627
629
627
628
624
603
609
603
599
598
599
599
606
617
627
632
632
619
610
618
613
613
618
625
631
632
628
631
625
625
621
623
626
629
622
630
630
627
628
627
628
626
622
626
628
629
615
625
620
621
621
606
599
608
604
612
616
623
626
626
625
619
601
604
598
594
596
604
611
615
621
623
622
616
612
605
594
590
584
585
591
597
616
631
630
636
639
646
646
645
642
633
622
601
604
594
586
583
584
585
588
591
590
597
604
606
601
604
604
609
610
614
601
608
606
604
604
601
598
597
596
592
593
593
585
583
586
593
608
631
646
646
625
639
626
623
613
611
607
604
598
588
578
579
578
582
604
638
656
654
631
613
618
622
615
616
613
612
608
603
597
592
587
582
575
562
553
558
565
575
594
591
595
601
604
607
611
615
622
625
622
608
615
609
607
607
611
612
613
613
611
593
592
598
613
607
624
634
642
634
619
635
634
631
626
631
632
615
631
629
627
602
618
623
625
626
630
628
625
606
599
614
614
620
622
622
633
638
639
628
633
632
616
618
619
622
625
625
625
623
617
612
591
585
593
591
603
622
639
647
651
646
633
634
632
625
621
616
605
609
608
608
604
618
629
641
639
655
653
646
650
645
639
613
608
607
609
604
592
597
603
604
607
606
606
604
602
597
600
603
606
611
616
615
621
623
625
626
624
615
612
609
603
605
603
603
603
600
603
605
608
611
611
609
610
611
611
608
610
606
607
610
616
615
605
605
608
608
612
613
610
600
596
598
596
605
605
606
604
604
604
604
603
589
595
582
578
570
561
558
561
563
564
567
564
559
558
557
553
551
553
556
561
565
570
571
568
570
567
564
564
561
563
574
593
601
595
600
598
604
605
605
606
605
600
597
589
581
573
566
568
567
579
604
631
616
616
621
618
616
610
605
590
577
573
574
567
574
581
591
595
596
586
588
591
582
590
593
599
607
615
618
617
614
607
587
592
584
577
588
610
627
599
620
613
621
628
628
627
624
618
610
604
597
590
584
578
572
570
570
575
586
602
594
604
616
638
636
629
620
626
625
625
624
619
612
594
589
583
577
576
573
573
567
563
561
560
554
553
556
561
575
594
606
613
605
607
606
604
602
601
593
589
588
582
579
577
572
566
566
559
558
560
564
567
570
576
578
565
578
582
576
575
578
578
582
583
587
585
580
569
566
562
555
553
553
550
554
555
572
602
625
625
619
596
604
603
598
594
589
582
581
577
575
573
575
572
570
569
569
567
566
565
578
598
611
606
598
604
598
593
590
586
581
565
567
561
561
563
570
583
616
637
656
671
686
688
675
666
655
642
622
619
616
606
601
594
590
591
591
592
584
590
588
599
612
628
634
633
633
631
622
606
609
602
597
591
596
603
607
614
620
621
618
615
612
606
601
595
591
586
586
579
585
576
579
590
609
638
650
650
645
637
631
605
610
598
594
592
595
596
597
596
592
589
580
575
565
565
559
561
572
602
623
625
625
627
624
600
611
611
605
603
601
596
586
582
577
570
568
568
566
556
553
561
554
565
573
576
580
583
585
585
583
578
578
575
571
569
566
564
562
562
561
561
563
571
577
583
577
584
592
593
595
593
588
582
572
563
551
545
544
536
543
575
612
620
601
591
586
584
574
571
563
559
552
548
546
546
546
546
547
545
545
543
541
539
538
540
541
539
530
538
549
589
620
627
631
623
614
605
596
586
571
561
560
560
565
578
587
598
604
602
587
604
621
630
636
636
627
625
616
610
602
582
577
575
573
574
577
577
579
587
589
592
595
602
600
601
582
595
601
604
602
598
587
578
577
580
578
579
579
577
574
565
568
567
566
569
573
579
582
586
595
610
620
628
630
605
627
627
622
619
617
618
613
609
598
602
601
602
606
610
611
613
607
608
609
611
605
598
602
605
602
600
603
579
576
575
573
572
583
596
604
612
615
616
613
608
606
606
606
605
598
599
600
597
595
590
585
578
570
567
562
564
575
590
599
599
594
590
584
576
569
564
557
555
556
554
566
579
600
651
621
597
597
590
582
577
568
563
558
547
543
537
534
524
521
517
513
515
504
503
499
496
495
493
491
490
490
489
487
482
488
492
502
510
513
515
516
517
519
518
517
516
517
512
514
514
512
516
516
518
516
517
513
511
509
505
502
500
498
495
493
495
489
489
489
490
494
498
501
505
506
506
507
507
507
501
501
499
499
499
502
493
498
496
498
499
502
501
501
499
497
496
494
491
489
487
487
483
479
485
493
510
516
521
519
520
520
513
509
509
506
503
499
497
493
491
488
489
484
486
490
499
509
516
517
515
516
516
513
514
510
508
509
502
503
500
501
501
502
502
504
499
496
496
494
489
495
497
498
501
502
502
504
503
503
502
498
494
492
499
497
500
519
528