618
613
598
590
578
575
569
561
554
543
540
539
535
534
540
546
542
553
561
576
586
621
657
672
643
630
636
621
615
611
608
612
611
603
600
592
594
602
602
600
595
585
579
580
582
598
618
623
619
609
611
604
606
617
628
638
649
648
648
649
626
643
655
669
656
679
671
660
633
616
608
603
619
698
952
921
881
866
841
791
749
738
717
702
680
687
689
694
709
690
714
713
708
658
663
659
656
647
618
616
609
618
623
599
617
625
674
665
680
715
764
735
749
740
704
666
672
661
658
648
663
679
710
746
736
760
746
706
685
700
693
695
689
672
704
670
669
645
645
652
671
686
680
664
636
641
641
652
659
633
626
634
658
703
754
729
707
763
787
775
691
710
705
723
684
670
637
622
629
638
665
702
710
688
687
679
679
658
646
644
646
674
659
649
657
683
694
680
664
645
628
602
613
640
681
687
646
658
635
625
611
609
603
599
597
598
582
586
586
587
582
576
568
566
559
557
558
557
559
569
574
586
585
578
578
581
585
590
582
570
569
564
560
557
550
550
550
548
548
544
543
546
547
549
543
540
539
539
537
535
532
533
534
532
534
533
526
529
526
524
521
521
521
517
519
518
519
521
520
524
524
527
528
525
529
530
529
529
528
526
530
530
527
525
521
519
512
524
530
539
539
546
547
540
538
531
528
523
519
516
516
517
520
522
528
530
529
535
538
546
544
537
541
538
537
535
533
531
534
535
534
536
558
531
532
532
531
526
523
523
522
521
521
519
521
522
524
524
523
523
522
520
521
517
514
514
515
514
515
512
516
514
519
519
524
521
525
525
525
525
524
521
521
519
514
509
505
505
505
504
503
502
504
508
513
518
521
521
524
523
525
521
514
517
513
512
510
503
504
502
502
499
499
499
502
505
512
521
528
523
527
534
542
553
543
541
534
527
520
512
514
511
513
514
517
515
518
522
526
526
522
524
524
521
516
511
510
509
508
508
506
503
506
505
509
516
513
515
520
525
531
527
528
528
528
526
524
520
515
515
511
510
513
510
514
518
521
526
526
524
527
529
532
532
524
524
525
524
524
521
515
517
515
518
521
521
523
524
530
535
538
534
533
534
529
531
523
521
522
519
519
518
515
516
517
521
521
522
525
528
528
527
521
516
517
516
515
516
510
515
517
521
525
525
527
527
532
534
527
522
521
519
515
514
512
514
515
514
517
512
516
518
521
529
523
524
528
526
523
518
515
517
516
516
519
516
518
520
520
522
521
521
521
526
524
525
519
517
517
514
513
516
515
519
519
520
521
520
521
521
523
521
521
521
521
519
517
521
513
515
515
515
518
515
518
520
521
525
521
520
520
518
521
521
520
518
519
519
516
514
508
511
510
509
511
509
507
511
513
513
515
515
513
516
517
516
512
506
510
509
508
509
501
505
505
505
504
509
506
507
519
525
529
537
542
531
534
531
531
528
521
522
522
521
522
521
517
526
528
544
559
548
553
553
554
546
541
540
535
532
526
523
525
526
527
527
522
524
526
529
536
530
530
535
534
529
523
521
519
515
516
510
510
512
511
516
516
514
518
519
522
523
520
521
521
523
522
519
519
518
514
508
503
503
503
503
502
506
504
507
509
509
513
513
510
507
505
521
534
544
549
546
539
526
524
521
519
517
510
510
511
512
517
518
520
526
537
542
536
538
535
537
531
523
524
521
521
518
514
519
518
516
521
518
522
524
532
536
535
534
535
534
532
523
525
524
518
512
505
504
501
498
492
487
487
489
484
482
478
478
478
478
477
475
471
471
474
473
470
465
467
468
467
465
465
459
461
465
464
462
460
459
460
462
461
460
456
454
457
459
457
456
456
453
453
455
455
454
450
449
453
451
451
449
445
447
449
449
447
444
446
451
448
450
447
443
446
448
448
445
445
443
447
449
449
447
445
445
449
448
447
445
440
442
445
444
444
442
441
441
444
446
444
441
440
442
441
442
439
437
437
439
439
439
438
434
435
440
438
438
438
435
437
440
439
438
436
436
438
437
436
434
428
430
432
434
434
432
429
431
436
436
436
436
435
438
439
440
440
437
438
440
439
439
437
434
434
438
438
436
433
430
434
435
436
435
431
430
434
435
434
434
430
432
436
437
434
433
433
433
436
436
438
435
434
430
429
433
434
433
431
430
431
435
433
433
431
429
432
436
435
434
432
430
432
436
436
436
434
430
434
438
436
433
431
432
435
435
432
430
429
431
435
433
434
432
429
430
434
435
436
434
431
434
434
438
438
441
440
440
440
437
438
440
438
436
432
432
437
438
437
438
436
438
443
442
443
442
439
439
444
444
441
441
438
439
441
438
435
432
431
434
435
431
429
425
427
429
429
427
424
424
426
430
431
432
431
429
431
434
432
431
427
425
430
430
429
426
424
424
427
428
427
424
423
426
427
427
427
425
424
428
430
429
428
424
424
427
425
425
423
420
417
419
422
423
421
419
420
424
427
427
427
426
427
431
433
432
430
427
429
432
432
429
426
429
432
431
431
428
425
429
431
433
432
432
431
431
433
435
433
431
428
429
431
432
431
428
428
431
433
434
433
430
431
436
438
438
435
434
431
430
431
431
438
444
444
444
441
442
442
443
440
436
436
438
438
436
433
431
436
435
434
431
429
430
435
431
431
428
426
431
434
432
431
428
426
430
431
429
428
425
424
425
429
429
426
425
422
425
428
428
426
422
425
431
431
431
430
428
431
433
433
433
426
430
435
433
434
431
426
428
432
431
429
428
423
423
428
426
426
421
418
420
423
423
425
421
422
418
421
425
427
424
424
422
424
428
429
427
428
424
423
429
429
426
427
424
425
431
429
427
427
422
422
428
426
426
423
421
421
427
427
425
422
421
423
427
426
424
422
422
421
426
424
422
420
418
420
423
421
421
419
418
416
420
423
422
424
424
426
423
425
429
430
429
427
423
423
426
426
424
422
420
419
425
424
423
420
418
418
422
419
419
416
417
418
423
424
424
424
422
422
424
426
424
423
421
419
423
424
424
423
424
421
420
421
424
423
421
420
416
419
421
423
421
420
419
416
418
418
422
421
419
419
419
418
422
426
421
421
418
418
422
424
422
419
418
418
422
425
423
422
420
418
419
421
421
422
421
420
417
420
421
423
422
422
419
418
417
421
420
417
417
413
415
417
417
414
412
411
412
417
416
415
416
412
413
419
418
419
417
415
415
418
421
418
417
413
411
412
414
415
413
409
410
408
409
413
416
414
414
413
411
415
418
416
414
412
411
414
417
414
413
412
410
412
417
414
413
411
409
409
413
416
416
419
421
424
428
433
430
432
430
430
432
435
430
430
430
432
431
435
430
429
427
429
428
430
429
430
431
434
435
439
443
443
448
446
444
441
450
446
449
450
450
447
451
451
455
461
470
472
474
480
489
492
487
485
480
477
475
470
466
465
458
460
467
471
474
477
480
488
493
492
490
487
489
491
492
491
489
489
494
499
500
500
506
514
515
515
521
533
541
538
530
522
518
518
514
510
508
513
526
555
560
569
581
611
581
574
557
555
536
538
539
540
533
530
536
531
535
533
523
521
523
522
523
523
521
521
521
517
509
519
515
519
517
517
515
523
527
529
529
524
528
521
525
527
529
532
530
525
525
521
511
504
502
498
498
501
500
493
495
491
491
494
499
498
499
505
509
507
509
509
505
503
502
498
500
503
501
501
500
505
512
520
528
573
613
609
576
563
561
555
549
542
532
525
519
516
512
511
520
543
565
588
601
625
643
619
597
586
580
574
566
560
556
558
556
551
544
538
537
544
549
552
549
554
562
551
541
540
535
539
553
598
676
665
639
591
579
562
555
555
560
568
566
552
551
551
550
548
548
542
542
543
542
541
532
533
529
527
529
524
521
522
521
521
522
517
519
517
514
513
510
504
506
504
505
505
508
502
504
505
502
504
503
503
505
505
505
506
500
501
499
497
495
494
494
496
494
494
496
495
496
496
502
503
505
504
503
503
503
503
502
498
498
499
498
493
491
488
488
487
483
483
484
485
486
485
488
487
488
491
491
491
495
490
491
491
491
492
492
491
491
492
491
492
493
488
495
494
493
494
492
495
492
493
495
493
496
496
496
499
497
502
502
506
507
507
496
505
499
489
484
479
479
475
474
470
466
462
465
463
461
461
461
462
464
467
467
470
475
474
479
483
481
481
479
479
478
478
477
475
471
469
467
469
469
470
471
472
474
476
480
480
483
485
484
486
488
487
483
484
480
482
484
482
479
479
483
481
487
484
485
486
486
490
492
493
494
498
495
498
501
499
495
491
490
491
488
487
482
479
477
477
477
477
475
473
474
473
477
476
475
473
473
470
474
474
475
476
476
476
479
479
478
478
474
479
479
477
477
474
473
476
476
473
474
471
476
477
477
479
476
472
469
472
473
474
473
472
471
473
474
471
471
469
471
475
476
474
477
477
478
483
482
484
481
481
482
481
479
477
475
474
478
476
477
478
480
482
487
487
487
485
485
486
482
481
481
478
478
479
476
475
471
470
476
474
477
476
478
480
482
480
483
481
482
481
477
478
474
474
476
475
471
470
469
470
474
473
477
479
484
483
489
491
490
491
486
489
488
485
484
481
482
480
479
478
478
477
479
482
482
483
482
483
486
486
484
483
479
482
481
479
476
471
472
474
473
472
470
471
473
477
474
477
475
475
471
475
485
492
499
499
502
501
495
495
495
489
489
486
483
486
482
482
479
479
477
480
479
479
481
479
479
479
480
477
473
470
466
464
467
467
466
467
466
467
471
472
471
476
477
479
481
485
487
489
486
490
487
483
483
477
479
479
478
476
478
477
479
479
480
481
479
482
482
482
480
482
479
483
482
481
482
481
483
481
481
482
480
481
484
481
483
483
482
483
484
484
484
481
484
485
482
485
486
485
488
492
495
497
497
495
499
499
499
497
490
491
488
486
484
481
482
482
486
485
490
490
487
491
488
487
484
480
480
481
481
478
479
477
479
480
481
480
480
477
477
480
481
482
487
486
489
490
493
493
493
491
491
492
486
487
482
481
478
482
481
481
485
492
490
493
494
495
492
488
483
490
489
487
486
484
484
480
483
482
481
483
479
482
482
481
481
479
479
479
483
484
485
487
490
490
493
497
497
495
494
494
494
493
490
485
481
482
486
485
484
486
486
484
487
487
486
489
491
489
494
494
492
493
491
493
493
496
500
500
505
501
507
506
500
499
499
498
503
507
511
514
510
510
509
504
498
493
490
488
483
479
475
473
472
473
478
485
489
493
508
521
530
527
523
525
527
526
531
526
522
525
523
527
527
541
544
553
555
558
569
571
562
556
539
531
521
517
509
504
495
492
490
491
493
493
501
518
538
530
531
549
574
596
591
604
604
594
588
568
563
555
554
553
554
562
579
602
617
616
608
598
594
583
567
555
560
563
577
593
614
619
601
583
577
572
573
572
569
570
575
597
603
609
604
604
590
585
576
565
555
542
532
527
529
535
563
635
665
662
660
655
642
611
599
589
587
595
595
599
601
607
616
620
612
612
603
604
596
592
581
569
569
569
566
585
591
602
619
608
594
584
577
571
573
568
569
568
563
569
579
580
589
590
595
596
602
591
587
579
575
573
565
564
558
557
563
580
579
590
586
587
595
588
584
578
570
563
553
548
540
537
538
550
563
586
597
620
625
625
607
590
573
557
507
551
538
533
529
523
518
521
519
518
517
514
511
506
505
502
498
494
489
486
482
481
479
479
472
470
468
466
464
466
463
460
457
457
452
453
455
453
451
449
447
448
448
448
447
444
444
448
448
449
447
446
444
447
448
448
446
445
443
445
446
445
444
442
441
443
445
443
443
443
442
442
444
446
445
442
438
440
442
441
441
437
435
437
438
436
434
430
432
434
432
432
429
426
426
427
425
424
425
419
421
422
424
423
421
420
420
423
423
422
422
419
416
418
417
416
417
412
412
412
414
414
411
409
404
409
410
409
407
405
405
408
406
406
406
404
404
405
407
407
404
403
400
404
404
403
405
402
399
398
401
401
401
400
396
397
396
402
401
399
398
396
399
400
399
398
395
395
395
399
397
395
393
391
393
394
393
392
389
389
390
395
391
391
388
388
390
393
391
389
388
386
390
392
388
387
385
388
389
387
386
383
383
385
389
386
385
382
383
382
386
387
385
385
381
382
382
383
386
386
384
383
380
382
383
384
389
384
383
382
381
380
383
386
386
384
381
382
385
385
388
388
387
385
383
385
386
386
390
387
387
384
383
384
385
388
387
385
382
381
382
382
385
385
387
384
382
382
385
387
384
384
378
382
382
386
384
384
379
381
380
386
385
385
384
380
380
382
383
385
384
382
381
379
379
381
383
383
381
378
376
379
378
382
381
378
374
375
375
378
380
377
376
373
375
377
380
375
374
370
373
371
377
374
376
378
372
369
369
372
374
376
371
371
369
369
370
373
375
373
370
370
370
372
375
378
373
374
371
374
374
380
375
375
371
373
374
377
379
377
375
374
375
377
379
380
381
379
378
376
379
382
380
377
376
373
376
380
376
374
371
370
372
373
376
374
372
371
370
371
373
374
377
375
373
372
372
374
373
379
375
373
370
372
374
378
373
372
369
372
372
377
374
373
372
369
373
375
377
374
372
370
371
372
378
374
373
369
372
372
375
378
373
372
369
371
372
373
375
376
372
370
369
372
372
376
370
371
367
367
366
372
373
369
366
365
367
370
370
367
364
363
365
367
371
366
366
362
363
364
370
365
365
361
364
366
368
369
368
366
366
365
368
369
371
372
371
368
368
366
370
372
372
374
374
373
371
370
372
374
374
375
375
374
373
370
371
375
377
377
375
373
371
374
376
379
375
375
372
371
375
375
379
377
375
373
373
374
376
377
377
376
374
372
374
377
377
379
376
375
374
374
376
377
379
376
377
376
374
375
378
379
379
380
376
375
372
374
374
379
377
375
374
372
373
377
377
380
377
376
374
374
377
378
382
380
379
378
374
379
378
382
379
379
377
375
377
380
382
377
376
374
373
374
379
377
377
375
370
375
377
380
379
377
376
373
374
375
376
376
374
371
369
368
372
375
371
373
371
369
369
373
372
375
377
374
373
373
372
374
376
376
379
375
375
371
371
373
375
378
376
377
374
373
373
374
376
378
377
377
374
373
371
372
373
375
376
380
374
375
371
372
375
374
376
377
375
373
372
373
373
375
377
379
376
376
375
373
373
376
379
380
378
378
376
377
376
379
380
383
385
383
383
381
378
380
381
381
383
381
379
379
376
376
378
380
381
378
376
374
372
369
373
373
376
373
373
372
370
368
371
372
375
374
373
370
370
371
373
375
375
375
372
372
370
373
377
375
375
373
371
372
374
379
377
375
374
373
373
373
375
375
380
376
377
375
375
374
378
381
379
378
377
376
375
380
379
378
375
371
370
377
373
373
368
369
371
374
369
368
366
366
372
368
366
362
363
367
369
363
360
359
361
366
362
361
355
357
357
360
359
357
354
352
351
354
354
355
350
347
347
351
354
353
349
345
345
347
350
348
346
350
344
342
341
343
347
347
344
340
340
341
342
345
347
341
340
337
340
343
344
345
340
340
337
338
348
340
337
336
339
343
338
334
335
343
338
334
334
338
343
335
334
335
343
337
335
333
337
340
334
329
332
337
337
331
331
333
338
335
329
330
337
333
328
326
333
332
328
327
330
331
327
325
330
328
325
324
330
327
325
324
330
328
323
322
329
325
322
324
330
321
322
324
329
321
320
328
325
321
319
328
321
315
326
322
321
319
327
319
319
323
319
317
322
316
320
323
321
317
323
317
321
323
320
321
324
321
323
324
324
321
325
326
320
325
328
320
325
329
320
325
330
321
324
330
323
325
331
323
325
330
325
326
330
326
325
333
331
327
331
331
325
330
333
326
331
336
331
333
339
333
335
337
336
337
341
338
337
343
342
340
346
344
345
347
346
345
348
344
347
349
348
342
351
345
346
348
348
346
349
346
348
351
352
347
351
349
349
348
352
347
348
352
350
349
351
350
349
354
350
351
354
351
350
354
352
349
355
351
351
354
351
352
355
351
351
356
354
353
357
354
354
354
356
354
357
356
356
359
359
355
358
360
355
359
358
357
360
358
360
359
362
357
362
365
360
365
363
364
365
363
364
363
364
361
365
366
363
366
366
362
365
364
361
366
362
360
365
363
359
364
363
362
365
361
362
367
363
361
368
364
361
369
367
365
371
370
368
375
374
371
380
374
377
373
377
375
376
375
375
373
376
374
371
373
375
371
371
375
371
371
375
370
371
375
370
372
378
374
374
379
376
374
381
376
380
377
377
381
383
381
379
384
381
381
383
382
386
388
386
388
391
387
390
387
390
390
392
396
395
396
397
396
398
399
397
400
401
399
402
402
399
405
403
405
404
406
404
400
403
399
400
403
403
403
403
404
407
409
409
411
414
412
413
411
411
413
411
412
408
412
405
408
406
408
408
408
405
409
409
409
411
411
413
410
414
412
414
413
415
417
415
413
415
416
827
821
409
407
405
406
403
401
401
398
397
396
396
395
397
392
394
387
392
386
389
387
382
390
390
391
400
401
403
406
407
409
410
411
406
409
410
407
408
411
407
408
411
408
408
409
407
406
409
404
404
407
400
403
406
399
399
398
398
399
396
394
396
396
396
402
401
404
412
410
415
411
420
418
416
420
420
417
420
418
418
421
420
421
423
421
422
425
424
421
418
424
416
415
417
417
416
416
419
417
418
423
426
425
426
434
431
430
433
432
433
436
438
437
438
438
438
433
435
436
435
436
437
432
432
432
428
430
436
438
440
439
447
451
453
455
451
451
453
449
447
450
448
450
451
456
454
455
456
456
455
453
452
452
448
448
447
448
444
444
442
443
440
440
439
441
443
441
435
436
441
438
441
443
449
452
453
460
468
467
472
469
476
474
469
467
470
466
464
465
460
459
458
456
455
452
453
450
449
445
445
442
442
441
441
442
440
441
442
444
441
442
444
444
447
447
445
444
443
443
444
448
453
456
461
467
471
473
472
473
474
475
472
474
474
476
476
474
474
476
476
473
473
473
477
478
477
478
479
481
479
478
478
477
476
473
472
471
475
470
471
471
471
470
466
466
466
465
462
461
465
464
468
465
467
471
474
476
479
477
475
476
479
480
479
483
484
485
487
482
491
486
486
485
487
484
485
484
488
485
486
486
487
487
485
484
485
486
486
481
481
482
482
481
478
479
479
479
477
475
478
478
479
479
481
484
483
479
488
484
483
480
479
481
479
480
474
473
474
477
476
474
476
483
481
483
476
480
492
493
498
500
503
503
502
494
493
490
491
492
485
484
487
488
480
482
483
484
485
481
479
480
479
481
481
479
482
486
490
494
490
490
485
481
477
479
476
477
483
487
491
493
495
497
501
501
502
505
505
510
507
509
508
510
510
510
511
510
516
513
515
517
518
516
521
514
514
510
512
511
508
507
507
517
515
522
523
534
532
530
528
531
522
518
513
518
511
509
506
510
508
508
506
510
509
508
509
507
514
514
515
515
518
518
515
513
509
514
508
505
501
505
508
507
509
511
513
516
517
517
515
516
516
512
509
507
502
503
501
502
503
499
502
499
500
506
501
501
503
504
507
509
510
511
516
514
512
510
509
512
504
502
499
502
499
498
499
500
502
504
504
505
503
507
504
500
499
501
499
500
498
499
501
501
505
500
507
503
501
499
493
497
497
496
496
498
500
499
497
502
503
502
500
505
504
506
505
510
507
505
497
493
498
495
493
491
495
499
501
505
507
509
513
514
512
509
507
505
503
498
496
494
494
495
489
488
488
486
488
489
491
495
500
506
512
513
515
517
516
514
509
507
506
504
499
499
495
494
495
492
493
494
495
497
502
506
511
515
514
518
518
519
515
512
510
508
507
502
502
500
498
499
501
501
505
508
512
518
519
524
531
533
536
536
534
533
528
531
525
525
524
523
524
521
520
518
515
519
516
515
518
520
522
522
525
526
521
520
521
523
521
517
514
511
516
510
505
510
515
513
517
516
521
521
520
516
516
519
519
513
516
514
512
514
514
520
518
516
512
503
502
512
562
726
736
708
657
625
599
598
589
581
569
565
556
548
543
539
536
530
526
517
517
517
514
511
507
511
513
515
513
513
514
516
513
505
508
511
510
509
508
500
509
507
495
497
495
492
491
491
479
486
486
482
478
476
477
476
474
471
473
473
471
473
468
474
470
468
469
472
469
471
475
479
479
480
481
479
482
479
480
479
479
481
483
479
481
483
482
481
479
479
479
476
474
477
478
478
480
481
472
479
489
496
506
512
512
518
514
517
510
507
502
498
494
494
497
490
487
489
493
492
492
490
492
490
487
487
486
486
489
490
492
491
495
498
499
501
502
506
508
508
504
500
503
502
499
495
496
497
497
497
490
496
496
496
493
492
498
494
493
488
491
492
492
489
492
497
496
499
502
505
505
506
506
503
498
504
497
495
493
497
498
505
513
521
522
523
522
520
519
516
510
506
504
504
503
508
505
504
501
503
506
511
519
521
523
528
535
538
535
543
540
542
537
543
539
539
536
538
533
530
529
527
525
520
512
515
510
505
504
501
509
518
528
539
526
548
555
550
548
545
536
535
528
518
515
514
503
493
494
492
485
478
481
480
475
470
468
467
466
461
458
456
454
456
454
455
455
453
450
442
453
457
463
477
503
521
512
519
530
535
530
535
543
552
558
546
550
557
559
548
554
555
558
560
547
556
564
572
565
572
577
581
575
576
581
581
570
572
574
582
581
580
583
580
570
567
567
564
563
554
559
562
566
567
567
576
576
578
570
580
581
587
584
593
598
597
602
589
602
604
616
601
611
612
618
619
621
627
630
631
609
623
616
621
602
616
607
612
597
608
607
596
591
590
586
576
575
574
570
565
566
571
569
574
581
601
607
621
625
626
633
629
628
613
612
609
610
606
610
619
626
629
623
635
631
634
614
623
616
613
603
611
614
618
616
635
637
644
628
627
621
604
594
593
591
601
601
591
607
605
614
613
625
642
646
649
638
645
633
628
613
623
616
624
623
641
646
654
636
646
636
632
613
618
615
611
606
610
620
620
617
622
618
614
609
627
630
631
619
630
628
619
609
615
614
613
608
609
626
635
643
638
652
639
639
624
633
634
633
629
634
642
647
658
643
660
651
658
639
643
639
640
635
632
640
639
646
640
650
644
646
633
642
642
634
621
628
630
629
635
634
647
653
659
646
650
648
647
642
633
642
636
636
628
638
644
646
657
635
645
642
633
621
628
633
636
646
637
647
646
646
624
629
629
625
616
617
623
621
629
619
633
640
643
640
626
636
628
627
613
619
618
617
610
613
626
627
639
646
657
643
630
618
624
617
613
602
603
605
603
604
600
600
603
597
597
590
598
601
604
609
607
614
621
621
613
621