907
980
965
894
921
913
865
828
876
892
794
744
799
837
866
790
808
815
817
778
825
842
856
815
880
913
905
849
876
886
842
850
869
885
846
881
939
951
886
903
924
874
821
860
897
807
741
727
719
727
714
735
738
730
801
767
747
708
732
726
701
715
725
735
728
740
772
818
813
778
812
835
787
735
708
673
676
770
793
867
901
860
773
787
794
786
762
818
889
882
865
896
883
811
837
868
869
811
854
873
866
825
855
877
817
814
894
926
859
834
868
910
848
848
870
861
782
812
890
937
889
947
953
875
858
843
835
800
871
934
921
934
979
956
891
927
961
911
944
1011
1012
909
897
894
867
815
875
962
961
889
938
949
875
891
936
948
896
938
969
867
835
817
813
782
845
993
952
919
928
952
897
921
1018
1063
1014
1032
1051
1037
903
876
882
955
946
1075
1090
1025
975
986
944
928
903
883
833
922
1007
993
976
1013
988
930
973
972
873
918
948
969
903
977
1044
966
975
976
934
872
928
977
937
933
969
999
915
961
997
953
925
919
937
852
922
980
957
950
985
970
916
973
993
923
925
938
896
837
912
982
939
970
973
921
854
898
971
907
949
989
962
900
965
999
921
926
927
926
890
974
1033
964
1058
1014
897
899
879
852
755
722
770
955
1021
1022
975
915
913
891
892
921
947
980
957
949
969
986
917
944
963
979
910
950
984
994
998
1046
1042
981
980
990
933
879
938
1016
1001
996
973
954
877
947
1001
935
956
908
831
770
820
892
887
973
1013
984
879
922
920
889
855
916
980
935
984
994
908
884
875
902
812
784
783
973
922
887
823
763
739
729
701
739
803
890
879
926
996
988
914
875
852
784
778
853
964
971
1059
1045
926
897
876
858
803
839
925
967
948
1001
1017
945
871
845
892
840
877
929
931
853
878
922
948
892
936
954
887
904
924
952
904
961
957
896
928
988
993
893
933
941
883
894
894
922
863
944
900
825
820
910
954
870
855
842
848
810
856
913
955
908
959
989
949
896
909
928
874
872
918
954
919
933
949
969
918
966
968
941
860
927
1003
1038
968
986
995
968
891
943
991
973
913
1003
1023
940
942
947
948
863
922
950
921
850
906
996
855
905
965
967
924
966
995
929
850
882
926
918
900
953
1033
976
1009
1039
1017
974
996
975
924
820
853
921
910
916
978
1005
966
979
1003
975
900
948
979
934
940
983
997
898
938
951
907
911
925
946
870
922
962
907
929
954
949
864
914
961
916
911
951
966
896
968
998
942
917
919
885
859
918
956
908
997
1009
945
952
977
993
929
1013
1012
976
936
980
950
858
919
946
881
899
917
944
869
930
961
923
877
897
933
873
877
918
954
875
944
1016
945
909
922
947
880
897
908
912
897
984
1003
910
917
949
909
837
897
913
874
835
861
873
813
829
833
866
788
841
856
822
764
747
734
687
646
660
704
779
751
740
771
801
766
720
752
770
782
704
681
665
854
894
898
869
833
811
752
704
720
750
807
871
907
869
890
857
770
774
829
792
766
810
846
862
830
848
849
823
797
802
832
882
909
946
969
982
925
903
897
874
818
863
911
911
919
976
999
914
942
935
890
829
829
913
921
896
856
869
792
827
854
945
900
986
1015
943
948
915
876
788
813
850
864
854
925
924
814
863
878
865
798
820
848
828
782
805
826
812
783
795
823
792
837
852
871
815
838
849
885
817
855
854
885
819
879
923
896
830
850
867
855
800
821
822
786
739
738
736
691
666
726
764
794
753
790
799
778
735
758
774
782
747
786
834
841
802
833
864
825
841
830
834
756
784
795
826
765
803
792
745
690
666
638
651
710
800
843
841
795
798
799
785
754
761
770
771
751
774
823
873
874
906
927
957
951
950
936
891
893
904
931
858
825
765
709
684
691
689
734
724
774
796
855
746
792
760
724
695
718
731
719
707
771
797
789
724
746
768
787
743
779
789
811
788
822
847
815
778
794
820
813
828
876
889
830
859
859
837
791
840
892
857
837
853
888
803
858
860
841
776
799
813
769
718
711
704
718
835
823
789
798
772
724
682
654
634
629
635
625
628
647
745
898
906
869
887
854
813
762
771
797
881
917
959
962
911
840
814
796
771
745
819
901
954
901
956
945
855
797
769
767
724
744
795
830
867
908
957
947
848
868
847
795
762
776
807
826
804
860
855
836
798
804
796
770
708
694
726
816
892
816
771
747
699
672
681
712
749
774
772
763
771
802
809
781
813
842
875
849
847
866
902
869
855
852
818
788
788
811
835
808
832
835
812
793
799
809
763
737
729
741
744
749
789
822
812
810
817
812
771
759
758
757
761
761
793
832
825
815
868
908
897
821
816
834
845
838
888
920
929
888
909
924
894
840
849
863
830
836
857
884
864
858
873
871
828
779
777
781
750
809
823
804
815
842
847
809
775
694
649
616
639
657
720
768
752
700
646
634
615
604
587
585
579
584
588
593
604
639
693
796
859
916
948
986
946
887
861
807
795
771
800
741
744
829
843
826
842
838
744
724
716
702
702
671
729
778
879
781
797
786
768
728
757
748
737
694
712
722
749
735
759
787
826
775
747
758
775
739
699
675
654
631
641
649
688
738
733
848
921
947
927
954
951
878
876
862
836
806
813
860
869
880
903
917
876
919
911
844
796
787
817
832
843
858
879
838
895
949
937
852
854
865
842
773
786
813
795
729
713
732
851
851
807
833
833
803
792
778
781
740
723
754
803
837
820
889
934
896
854
834
844
809
840
854
920
894
960
1007
985
958
955
924
842
853
889
917
887
964
1018
990
945
965
958
893
863
883
885
831
867
882
930
896
969
986
942
895
908
933
866
892
934
956
926
983
995
915
880
865
870
808
855
905
987
971
1042
1043
992
948
923
886
807
826
855
927
902
910
919
930
862
903
917
872
872
907
939
876
887
911
926
859
881
907
892
854
888
913
898
883
899
928
886
891
930
953
881
916
944
916
892
909
923
886
923
938
930
883
920
938
884
895
912
923
887
953
962
903
925
941
944
900
958
980
952
957
984
966
892
898
899
885
907
943
995
942
962
985
989
931
932
945
943
882
915
952
963
919
947
944
858
889
921
931
891
911
921
885
826
772
739
680
659
649
664
744
767
749
775
772
772
729
729
733
734
719
711
779
880
1018
977
1080
1074
926
925
939
854
771
799
781
771
784
978
1077
961
1020
989
901
939
925
840
905
880
784
758
854
1118
1021
1058
1042
967
1008
1019
960
927
924
930
858
938
893
843
865
957
1005
925
990
984
919
937
964
860
788
734
722
667
695
951
1111
988
966
1025
1017
967
1014
915
931
1011
1006
1004
1081
987
961
1053
1056
1007
1064
1049
982
1064
1062
969
1015
1033
989
1046
1060
1019
1031
1056
992
999
999
949
996
1050
1018
1039
1062
1031
983
1003
999
946
1023
1054
981
1057
1063
983
1007
1017
972
1004
1013
966
970
1010
983
1012
1057
1024
956
994
981
930
990
1005
949
1018
1106
1000
980
917
843
858
896
922
931
927
950
905
950
937
900
936
918
831
878
870
833
888
931
902
890
906
907
819
861
881
883
926
978
922
823
813
850
815
860
923
943
864
916
964
881
882
877
870
794
885
983
953
944
972
859
786
798
769
740
785
1000
892
822
784
866
896
827
937
994
952
939
953
970
937
994
967
914
1006
1036
951
1036
1042
979
996
1010
951
952
1003
1023
959
1037
1069
980
996
999
948
944
979
982
987
1098
1106
989
1014
986
917
977
1006
916
1027
1115
1111
1021
1041
1016
897
893
883
910
948
1015
1015
985
1021
983
938
996
975
921
1025
1054
952
1001
1020
951
963
985
954
944
962
928
826
855
870
856
828
868
949
854
914
927
865
907
885
850
777
838
922
987
948
965
967
866
924
987
957
959
987
979
932
997
1025
946
967
942
896
932
970
977
1032
1089
1000
970
978
938
889
949
1037
948
1039
1053
966
987
1018
930
890
870
868
825
914
1008
961
1013
1017
961
958
972
900
888
914
956
921
991
1030
1009
976
979
945
852
899
1003
1005
988
1014
1036
963
994
986
895
918
926
881
849
915
997
914
940
980
949
866
928
970
971
969
999
986
907
936
1014
1038
979
1005
1026
954
896
934
1029
960
994
1005
955
940
985
979
888
953
1015
938
925
958
955
857
924
955
967
965
1011
978
913
974
1006
944
998
1024
945
956
977
922
873
854
914
860
934
928
865
919
905
850
898
882
813
897
958
886
968
1000
952
893
900
923
849
882
899
925
873
927
928
851
853
887
895
852
931
981
919
914
947
934
876
956
1012
871
761
762
873
1012
1057
967
995
983
926
888
865
886
826
874
899
968
1021
1022
987
912
939
960
913
905
910
941
872
928
988
989
935
921
934
886
942
979
999
929
994
1004
903
911
938
954
868
929
919
898
957
987
947
939
948
924
848
855
894
843
898
939
969
937
979
978
875
894
908
866
852
903
960
900
911
926
927
869
919
944
885
897
915
904
876
930
930
860
825
940
994
942
956
952
910
848
883
932
896
898
905
946
884
909
920
847
850
860
836
775
817
861
884
854
897
918
872
820
835
853
810
813
830
854
833
840
873
925
876
885
889
825
837
866
920
882
921
933
904
871
910
949
874
886
894
880
858
972
977
900
944
932
848
813
859
955
879
997
1048
974
1010
1036
945
928
904
835
859
941
954
914
1025
1042
952
1001
971
844
880
912
917
974
995
910
905
895
887
821
878
963
929
992
1022
979
936
976
984
918
1001
1035
1019
938
983
992
954
956
937
937
859
942
1011
998
947
998
998
897
931
986
927
961
938
926
869
970
1004
945
943
944
955
926
955
972
912
853
930
1012
936
905
913
938
907
1010
985
925
955
949
927
883
952
1015
964
982
969
899
829
835
882
842
915
977
1004
890
927
969
959
931
964
971
874
880
912
910
838
929
990
905
956
979
890
840
876
892
864
979
1040
985
943
954
950
872
881
905
943
913
992
1039
965
1007
1008
928
927
940
936
897
866
782
979
1038
967
1025
1060
958
970
989
939
945
993
1028
941
1038
1059
972
1057
1054
995
934
965
989
896
925
942
958
927
1030
1060
952
972
976
928
848
860
917
893
989
1028
957
965
991
920
788
721
678
694
1174
1013
959
1025
1025
928
955
945
882
815
846
894
890
956
986
940
950
997
976
934
978
979
906
913
961
1039
967
1005
1024
994
1000
1016
942
897
938
866
797
823
1003
1120
1029
1059
1045
952
954
937
900
833
907
1032
992
1022
1029
959
966
988
898
901
936
951
944
1036
1092
1021
1070
1062
965
987
1009
1016
915
1001
1061
991
1078
1067
975
982
985
934
885
961
1019
961
1016
1033
953
1005
1025
941
893
919
925
874
935
965
921
922
946
967
895
963
981
929
938
977
976
885
917
938
930
894
993
1023
979
928
931
969
915
961
1000
953
945
978
870
901
771
731
777
879
978
966
961
905
785
767
745
740
722
702
683
660
619
628
621
616
623
620
617
600
593
593
619
647
668
721
701
778
734
680
662
646
645
658
678
700
717
755
806
831
801
737
764
804
908
935
966
980
945
811
794
791
1000
1007
848
799
833
835
878
841
886
914
941
897
897
921
940
910
978
1022
960
956
987
938
842
924
1022
979
1011
1038
967
931
887
866
861
985
1108
1025
1020
1003
931
980
1025
976
1001
1038
924
938
920
894
914
983
992
968
1026
969
923
1001
961
895
927
936
871
920
940
885
952
1003
927
943
915
869
897
890
872
862
917
960
907
957
955
910
922
944
941
894
979
1007
948
954
966
926
957
979
957
930
980
1011
951
999
998
866
815
786
791
759
761
763
790
846
825
935
994
947
892
853
825
747
777
792
910
945
1068
1042
924
956
989
915
930
975
1000
990
1088
1114
1035
953
982
965
890
936
1007
979
927
964
985
908
968
977
902
932
994
974
846
813
734
768
757
740
720
702
682
674
671
685
723
710
734
728
740
723
719
749
758
787
805
878
906
928
939
942
923
885
961
969
938
936
973
948
929
966
979
904
946
992
964
983
1017
938
972
1002
925
970
999
965
996
1026
976
936
1016
1023
931
977
1018
955
1016
1021
952
960
963
913
904
916
929
907
956
992
959
1030
993
899
984
989
916
1003
1022
958
1036
1053
938
982
1006
911
900
936
961
978
1021
967
964
971
916
943
944
975
932
978
962
882
952
1000
932
910
916
921
905
956
968
802
793
786
859
967
1102
1030
957
988
950
862
906
931
914
950
1032
1029
939
961
949
887
980
984
945
958
993
975
917
944
979
949
1012
1003
979
935
1002
1023
1005
1065
1083
1003
1017
1032
1005
955
1008
1047
1005
1065
1076
1004
990
953
914
893
940
1076
1067
1130
1065
1031
965
849
910
990
963
978
1053
1007
949
1032
1024
905
932
923
865
933
1012
930
970
971
901
966
987
918
961
954
957
903
951
976
932
948
953
916
930
964
896
840
837
852
795
896
973
943
960
967
914
861
891
914
867
888
913
926
878
970
993
934
923
911
884
875
948
977
899
967
962
897
928
942
894
908
960
954
923
959
921
827
864
923
911
864
944
1016
936
952
954
920
859
986
1063
1011
916
873
812
774
830
979
985
1036
990
900
907
908
863
837
893
911
854
968
1025
960
967
964
944
865
878
941
955
980
1026
1022
954
983
987
925
916
912
946
885
961
999
972
975
990
956
886
938
990
957
944
985
966
874
923
968
921
888
934
950
884
893
945
1040
943
978
979
942
895
913
979
910
954
1003
942
843
883
942
945
955
929
833
753
761
820
968
985
1025
1024
947
959
949
916
845
872
932
911
893
907
931
876
888
887
847
828
923
957
875
878
867
837
757
801
836
839
802
870
914
886
881
879
854
793
836
886
948
927
955
933
858
922
918
831
823
823
807
750
789
802
824
850
823
788
725
748
837
924
805
790
779
791
756
829
892
878
862
931
993
914
946
979
883
816
852
933
896
977
1007
962
960
971
917
864
870
889
862
1005
1075
979
985
949
894
972
1027
1028
977
1043
992
929
976
966
940
973
1002
960
963
959
897
905
962
992
945
1018
1022
946
911
910
913
855
889
939
964
938
1021
1028
913
910
888
867
865
912
997
980
1038
1060
1013
917
945
996
995
953
990
996
913
941
919
944
896
944
1026
969
1018
1030
1000
981
1010
982
893
935
958
960
921
979
1008
972
954
973
976
894
926
954
945
865
979
1049
1025
954
1002
1023
995
985
989
954
859
902
934
927
893
962
989
907
952
933
850
829
874
909
834
837
835
849
812
863
880
846
885
893
839
790
806
827
798
784
802
856
850
881
939
941
846
868
878
852
783
823
876
883
854
902
896
813
800
797
822
773
833
865
882
769
705
705
725
755
786
814
854
878
796
798
780
768
741
691
681
648
639
622
607
622
645
706
694
688
745
738
776
760
801
827
826
796
785
791
865
924
921
959
970
947
917
909
915
870
912
959
993
998
1012
992
891
927
1013
974
982
1025
999
980
993
978
901
958
1031
947
956
975
989
926
968
996
965
992
979
921
844
902
990
952
988
998
957
980
985
966
879
897
954
929
969
995
980
919
970
959
868
915
953
961
902
948
954
859
886
890
885
813
851
890
826
856
896
951
897
948
901
832
797
810
866
862
864
918
972
898
930
937
886
867
863
864
831
835
851
930
898
967
952
897
883
865
872
802
812
784
826
885
997
1007
938
910
931
910
844
905
933
898
864
858
821
758
776
771
827
798
899
915
892
864
901
894
799
782
758
777
756
794
825
872
827
892
910
830
863
852
801
712
655
626
664
711
835
854
804
726
730
732
698
725
719
743
715
738
748
743
730
727
749
757
812
829
895
907
917
860
890
912
898
890
961
987
979
1015
986
919
966
968
923
945
963
971
975
988
967
942
908
914
861
948
951
822
814
771
772
722
766
771
809
861
870
912
841
847
828
773
785
777
805
771
827
870
899
875
901
909
838
835
799
766
750
794
813
843
865
869
914
882
924
952
903
908
881
827
802
850
930
919
938
957
912
799
805
783
779
771
859
923
899
895
858
833
778
801
779
787
764
848
933
938
864
825
814
753
770
788
817
810
881
870
815
797
814
859
873
845
840
842
835
897
909
857
803
828
858
867
860
909
929
875
875
872
855
816
859
897
901
857
879
879
861
869
904
904
821
810
816
816
778
822
851
866
844
893
897
834
797
782
810
781
789
880
938
859
852
854
825
768
783
784
827
792
831
884
906
863
875
774
792
865
874
887
924
932
883
892
906
938
943
1045
1062
1038
971
1013
1017
984
955
1013
1012
960
981
997
1006
942
965
945
916
930
963
971
899
942
946
911
895
912
923
859
894
904
861
897
913
909
852
869
884
843
791
811
852
870
884
938
923
848
887
915
895
851
930
974
929
918
940
920
825
818
747
687
650
662
687
868
928
831
852
846
835
794
822
848
831
790
840
874
871
875
894
872
813
826
860
889
840
868
898
881
872
903
874
814
882
896
855
811
824
770
715
761
803
872
858
861
906
914
879
864
877
887
839
829
866
928
940
990
977
942
933
950
962
905
921
934
946
915
980
991
931
965
971
953
863
925
977
956
891
916
920
833
838
837
883
857
915
973
904
900
886
867
815
876
901
841
884
863
837
817
874
898
873
911
896
898
879
944
987
939
981
1017
961
945
954
921
902
939
929
868
926
999
956
958
977
966
888
922
942
899
937
985
1006
917
945
895
785
755
757
741
706
652
669
722
747
740
700
696
684
680
662
649
654
648
642
623
602
600
587
578
577
586
599
635
717
839
1002
1056
1056
1021
1008
970
966
932
942
950
979
1002
1006
976
900
934
936
902
954
926
927
946
987
1018
1031
1000
1017
1017
1015
979
1008
1025
1029
992
1009
1042
1020
984
1000
1001
944
959
987
974
1011
1040
968
979
951
857
893
906
891
947
991
955
983
969
896
905
921
900
878
872
846
745
719
671
664
653
649
653
655
666
650
651
646
655
661
642
675
700
747
760
787
828
869
791
799
816
803
747
757
746
749
723
754
768
797
803
816
822
845
813
818
820
872
834
853
882
869
835
829
815
773
790
839
905
908
938
920
902
825
823
822
807
822
838
916
881
880
885
899
868
869
868
857
799
784
739
701
693
777
997
1108
1020
1025
975
893
896
861
821
835
860
881
877
897
889
903
890
842
779
724
670
636
609
601
598
602
661
698
735
808
834
831
810
807
812
826
849
890
919
940
928
972
959
900
853
859
904
824
918
966
906
911
873
836
803
874
892
898
979
997
903
949
941
889
854
832
809
768
831
958
944
889
816
776
728
708
682
650
664
673
708
743
828
870
836
811
821
868
857
897
962
954
922
979
998
923
936
967
897
935
1007
937
939
968
972
970
1012
1013
950
965
973
935
1006
1003
954
997
1005
938
956
998
910
926
954
962
938
901
824
758
831
1006
1104
961
924
972
976
839
849
844
814
800
764
774
738
812
839
845
809
848
807
751
761
774
800
772
833
850
829
780
775
748
725
771
800
878
877
900
909
879
824
818
810
826
815
871
933
933
948
923
921
871
910
968
936
896
940
956
888
914
927
917
886
931
942
869
893
909
896
854
899
946
918
919
971
964
895
903
899
900
878
942
985
954
948
973
960
931
953
968
911
901
958
1035
977
1034
1028
1005
950
969
971
949
885
953
1012
1007
953
934
933
898
990
991
885
897
913
885
867
962
992
984
1024
1001
916
942
965
917
971
1036
1001
1001
1022
983
936
966
956
883
928
999
973
1015
962
811
777
854
932
900
908
921
915
868
922
993
891
896
911
928
894
938
953
911
958
948
878
842
803
773
710
688
661
779
855
852
895
897
903
884
853
823
813
818
822
827
798
805
810
794
783
837
886
960
963
915
841
776
827
896
989
1043
1080
989
917
904
868
854
876
979
957
829
820
783
725
785
946
973
900
827
796
767
851
906
974
1013
1048
1028
1025
1027
924
843
827
779
734
739
797
861
845
875
891
879
890
862
787
739
745
770
743
744
789
828
805
748
734
708
713
689
721
858
1001
986
1013
1061
1014
1032
999
894
870
810
783
814
901
952
1102
1115
1047
1063
1036
982
851
783
825
907
863
896
927
945
909
945
943
895
847
806
799
757
819
932
963
977
1046
1022
975
974
954
907
905
899
850
913
921
904
914
930
993
968
984
962
910
942
956
898
917
937
895
910
938
910
794
753
748
788
874
1044
1116
1009
1053
971
998
1003
903
968
964
806
729
703
671
678
640
624
638
634
640
637
631
623
612
610
608
602
602
603
602
592
585
595
611
639
660
690
739
799
863
881
914
892
857
797
717
671
669
680
718
819
909
993
1046
988
953
837
785
757
763
804
950
1029
1112
1000
1009
1038
1056
998
1006
972
897
894
922
926
849
981
1052
1043
1008
992
962
897
906
935
927
958
979
939
971
937
881
843
801
763
829
921
970
988
1008
955
983
983
899
867
852
861
882
889
839
817
851
910
961
972
987
935
930
934
918
855
888
896
891
955
979
980
960
961
917
936
962
944
938
985
950
895
920
913
912
954
925
890
925
1002
1019
930
922
899
841
840
838
768
766
876
945
893
902
914
890
845
875
869
834
873
873
864
868
864
835
794
810
814
821
813
873
890
902
914
946
916
836
827
812
813
830
869
904
895
913
942
841
800
804
841
853
898
944
819
746
690
693
694
706
756
776
751
699
669
640
612
604
590
590
637
711
741
759
771
797
858
912
949
986
977
1014
1029
929
904
846
796
780
940
887
858
930
1007
1017
995
981
957
934
851
863
949
1065
1091
1074
1044
966
965
997
974
933
947
948
909
1006
1064
1044
1037
1002
887
882
891
885
895
940
989
939
974
959
885
899
905
801
735
738
706
815
938
933
914
945
854
738
743
767
802
806
874
905
901
880
908
902
884
880
903
898
777
756
765
791
790
721
794
921
995
936
956
918
868
869
915
942
948
1001
1035
972
1010
992
900
897
895
854
913
919
924
948
959
889
811
788
806
817
950
972
959
955
948
950
898
903
878
856
916
981
962
979
994
969
901
944
976
896
912
927
844
810
820
840
777
812
862
899
915
951
925
861
926
967
892
833
828
826
794
883
966
943
945
975
952
888
942
965
900
926
934
948
931
1019
1021
930
904
855
811
820
896
923
907
990
958
864
859
884
882
865
924
927
859
872
857
872
897
974
946
905
939
984
964
913
940
982
945
943
913
853
868
907
950
946
1020
1013
955
982
976
950
983
914
821
760
773
768
760
731
754
779
837
857
847
909
912
831
844
763
705
678
755
858
909
903
950
974
945
983
961
879
926
979
969
977
995
932
956
1000
958
945
938
910
898
909
959
1034
1111
1009
975
1013
995
896
958
1008
960
952
995
952
879
897
982
963
1006
1019
969
951
972
992
920
942
946
963
963
1018
996
914
948
970
934
916
968
999
915
947
962
952
929
973
988
937
973
990
983
931
1011
979
881
889
850
886
863
850
768
742
762
809
797
904
953
969
958
938
925
938
1021
1038
996
1062
1069
985
991
1008
980
938
998
1042
981
1036
1031
967
992
1020
984
976
992
969
941
964
955
903
979
1055
984
989
1010
938
1001
1019
969
938
936
978
940
995
1030
1012
965
1004
1009
951
967
965
916
855
889
950
917
960
1007
939
944
927
865
874
925
917
870
922
951
891
913
938
896
883
913
934
844
875
892
873
885
931
953
880
923
957
897
854
866
896
840
901
957
936
870
863
873
846
722
675
722
699
711
727
718
698
695
668
655
642
647
673
703
721
787
813
824
807
779
809
813
826
812
844
847
856
854
898
921
909
938
939
916
880
931
953
952
980
1016
1012
980
954
853
874
894
869
917
990
996
980
981
939
896
911
860
840
926
985
915
978
954
869
904
925
918
986
1008
987
912
927
929
870
950
984
934
964
987
954
965
977
930
928
942
968
916
963
995
971
953
969
945
884
930
942
862
920
947
917
898
909
886
850
883
903
831
857
848
811
847
924
920
884
949
925
899
960
962
927
944
916
847
893
913
893
925
941
896
874
903
880
861
908
930
894
953
944
877
930
942
893
896
900
881
838
923
1004
945
976
943
860
886
894
910
945
999
959
942
966
942
912
880
817
844
896
966
980
1051
1027
927
925
919
861
929
957
938
877
913
915
845
868
887
834
889
893
860
819
840
850
806
844
840
818
845
887
882
833
860
841
790
791
816
813
778
817
814
804
785
852
873
839
858
864
838
840
844
820
781
816
812
787
798
853
881
780
734
720
699
659
652
650
635
629
639
644
692
732
723
697
713
732
769
752
809
886
872
777
736
713
707
692
668
661
688
798
773
807
854
875
834
812
820
830
800
852
893
904
893
934
937
841
849
865
870
866
958
985
907
962
954
884
914
934
918
869
900
892
823
910
971
938
955
963
927
872
885
895
856
888
894
878
870
920
939
883
880
879
840
851
865
893
843
901
919
892
866
888
896
823
857
869
837
817
835
846
793
840
863
828
791
838
846
815
815
844
843
786
819
825
815
788
825
863
839
861
893
883
854
891
901
854
834
869
919
877
870
864
833
791
843
890
857
863
894
866
795
823
833
815
802
869
919
868
891
916
918
840
829
845
831
831
907
898
852
847
845
840
745
677
759
765
781
825
791
730
681
670
644
645
645
638
663
679
741
780
787
835
917
942
903
891
886
918
928
952
816
824
873
880
934
981
996
985
976
951
924
944
933
927
836
859
905
902
893
895
877
840
898
884
764
732
690
714
676
700
728
764
721
754
763
759
743
780
793
822
809
859
896
913
939
965
973
937
943
941
932
920
948
988
969
1021
1055
970
939
957
965
909
983
1047
1048
992
979
946
855
881
948
927
992
995
896
945
940
900
953
966
900
936
919
891
967
1016
999
1062
1082
1011
1008
1001
909
916
930
927
1011
1043
972
988
979
906
884
880
873
878
938
989
944
989
1000
912
954
933
867
884
914
913
922
1028
1055
981
952
939
875
810
829
839
835
945
991
962
976
960
937
899
931
919
874
900
907
907
884
915
925
881
923
930
889
853
876
891
848
863
876
896
854
909
927
886
929
912
858
813
856
891
885
945
955
925
904
917
876
751
708
760
896
1083
1032
1014
1033
978
933
950
938
860
908
923
947
951
970
961
895
946
951
942
914
859
744
777
808
901
887
896
802
734
799
884
932
893
948
935
877
874
944
938
888
979
997
922
942
952
890
882
904
909
826
860
878
844
777
782
809
789
796
839
887
903
906
907
867
794
812
846
909
856
898
937
919
922
951
922
798
782
792
846
788
740
766
954
964
950
958
880
863
859
876
883
873
847
896
900
894
842
868
909
944
931
967
944
906
881
901
980
937
992
1006
965
990
1004
915
893
875
853
822
877
920
885
970
977
899
929
922
890
867
892
874
809
857
883
850
836
886
939
880
907
921
919
855
874
867
849
824
823
856
783
736
688
657
636
617
602
593
582
572
580
636
769
671
670
697
706
667
688
700
665
667
679
688
705
725
852
964
987
1014
1036
1059
1060
1018
1060
1079
1059
1043
1017
1008
1006
1068
1079
989
1120
1036
833
834
777
776
701
726
796
778
748
804
871
824
773
750
790
844
873
886
863
875
843
851
812
868
949
963
975
1009
991
919
927
979
963
981
1019
1008
1078
1092
1009
1024
1047
954
977
1027
962
1015
1037
979
1027
1022
972
1020
989
943
1004
1029
952
979
980
940
869
772
836
850
896
925
878
888
974
967
888
934
962
901
947
954
907
953
1009
968
956
973
956
929
981
981
951
984
985
941
975
995
919
988
1030
962
978
1025
1005
945
970
977
958
1019
1026
951
1006
976
880
941
958
942
997
1023
972
945
967
936
888
944
990
925
979
1001
938
948
946
929
934
964
949
905
968
1009
940
969
981
927
932
962
952
924
1001
1009
970
975
959
906
951
966
936
951
953
979
973
1028
1057
976
998
1013
970
944
976
1001
1021
1048
1037
983
994
973
922
954
924
873
940
976
940
999
1002
959
975
985
967
933
942
928
882
955
1018
976
1035
1044
992
993
976
947
887
945
979
959
979
1006
965
897
931
926
881
928
936
883
919
938
901
950
943
909
901
887
849
865
929
1004
1012
1041
1018
958
1005
957
849
855
962
1029
1007
1062
1017
1017
1027
1011
976
990
979
952
996
999
959
1019
1018
986
1019
1014
961
981
974
919
990
1028
1018
1040
1024
975
1029
1036
995
973
957
990
1005
1041
1061
1021
1053
1031
954
966
954
894
949
993
947
1014
1010
945
966
972
932
933
974
989
938
836
764
844
981
973
965
998
945
909
960
944
938
981
980
987
1003
967
934
944
922
905
912
794
773
865
853
859
929
957
884
937
879
808
851
866
860
808
854
932
890
854
863
863
852
854
896
900
868
881
902
896
958
957
921
910
919
894
896
965
1009
955
947
947
941
940
983
1012
1023
1078
1049
955
931
797
806
1019
1077
1025
1081
1102
1032
1010
1020
972
896
953
1000
998
1068
1107
1076
1036
1049
1005
974
1027
1037
982
1038
1023
959
979
997
958
982
990
941
928
957
939
943
1001
1000
973
1036
1032
973
936
941
934
958
1004
996
962
1005
1005
957
969
960
905
947
976
927
954
1002
965
956
987
982
958
1010
1011
966
992
1060
1062
1034
1048
1053
949
939
817
762
839
1007
1024
1024
1040
990
975
980
947
881
944
1013
936
943
899
781
718
891
1028
1033
1025
950
868
844
837
783
730
693
661
648
659
660
663
650
649
649
623
633
633
620
616
597
580
574
566
569
608
604
580
573
569
559
561
576
575
569
576
585
597
616
651
669
762
846
956
1014
1044
1023
963
822
773
730
724
794
841
783
747
750
346
393
705
688
728
713
691
682
703
748
756
713
699
673
645
631
619
614
634
696
716
759
721
867
991
979
841
827
833
858
807
784
743
707
786
868
873
976
999
803
773
735
743
749
868
921
819
743
708
724
754
755
723
736
694
740
752
730
684
670
669
663
653
645
651
646
624
617
620
647
807
873
870
778
787
830
820
827
729
717
715
713
322
384
675
682
725
771
774
393
369
714
554
916
778
799
769
810
801
795
795
771
787
865
885
812
783
762
737
718
687
688
719
860
863
831
869
904
865
902
884
860
888
924
901
827
840
899
808
858
859
832
852
861
846
782
766
755
726
730
691
729
801
757
813
898
854
843
834
781
824
896
897
998
1008
917
943
917
837
883
919
879
967
1014
935
985
967
872
930
937
884
934
965
960
1001
997
987
1014
995
914
945
949
896
967
971
983
1014
1018
948
982
976
888
935
963
911
936
929
913
892
884
873
856
867
906
880
944
955
910
918
953
947
891
910
911
856
947
983
969
983
955
972
1045
978
897
898
906
883
921
855
820
865
950
1024
997
1052
1040
983
883
782
765
794
934
966
989
1003
980
980
938
907
888
871
901
812
794
829
906
897
928
943
961
886
902
924
857
833
839
843
757
733
808
916
896
773
726
953
923
814
799
804
798
789
800
796
805
786
714
681
691
705
755
799
822
902
925
912
863
759
711
688
774
929
871
967
1125
1092
1037
907
810
769
800
1018
998
1055
1038
897
889
889
896
901
916
888
915
946
899
826
738
727
823
873
874
893
859
813
762
759
776
824
826
894
978
960
941
909
874
823
852
874
893
891
898
905
870
876
879
849
861
863
855
821
839
838
771
794
833
752
684
653
641
627
656
666
644
643
670
668
682
671
674
686
698
686
669
711
772
893
883
907
850
814
813
810
889
944
959
932
955
998
1014
968
962
950
928
905
902
917
932
952
942
935
973
957
918
901
799
773
778
818
915
941
1028
1052
1013
1047
1013
909
899
896
900
871
888
959
937
944
961
953
938
956
917
850
880
890
911
938
959
994
945
947
963
936
943
975
955
872
880
890
895
847
839
764
729
719
725
724
711
755
818
850
827
814
804
785
753
763
771
805
815
813
859
867
860
843
852
858
823
858
896
918
863
877
858
831
789
782
756
697
667
700
727
764
730
737
697
716
742
787
787
759
735
688
658
661
678
706
724
743
781
848
888
866
886
863
851
832
784
817
829
867
896
923
951
900
885
854
804
809
780
758
693
695
661
654
667
755
910
938
929
943
923
849
854
826
771
782
798
837
855
855
882
896
862
856
839
815
769
781
773
774
773
787
751
738
762
799
814
835
850
789
853
993
943
943
950
931
876
812
768
739
718
705
758
860
927
900
947
924
887
840
828
815
789
779
804
822
837
846
855
847
820
830
829
797
791
767
794
764
800
833
879
882
888
798
794
821
832
783
760
754
750
756
742
791
844
865
868
859
834
777
761
744
765
736
767
773
797
776
752
725
734
741
708
689
654
633
611
594
572
555
539
524
517
507
499
492
502
653
659
630
539
610
618
562
535
537
1191
442
1006
622
587
563
547
593
689
978
1035
913
814
984
1068
1053
1011
1040
1042
996
926
973
829
887
1096
1086
1060
1119
1146
1077
1040
1087
1047
942
964
960
932
903
910
946
977
1003
863
760
686
704
717
711
698
927
995
996
1022
1009
952
977
961
848
735
749
685
704
845
762
840
856
857
825
781
814
804
811
830
880
895
847
858
881
882
805
833
806
821
817
854
877
926
931
923
879
852
880
887
823
820
847
917
933
955
953
938
858
819
858
949
839
887
906
827
837
903
855
893
922
879
883
870
844
874
896
827
848
841
788
739
756
719
709
845
847
758
793
800
786
730
745
753
765
756
805
880
891
817
828
855
802
822
829
792
861
896
901
891
873
838
784
803
822
794
781
821
882
828
820
850
883
821
759
743
736
759
771
860
908
878
884
877
864
854
846
798
775
756
693
691
791
885
907
898
884
833
738
760
811
879
889
931
939
886
883
888
872
822
819
844
832
924
949
888
888
883
881
747
674
638
654
683
716
820
781
854
860
801
752
734
731
720
715
740
739
716
658
638
647
623
608
598
601
640
813
725
725
720
707
686
670
656
643
612
610
633
623
624
613
607
612
638
685
693
708
672
645
623
609
609
661
939
1032
1009
983
943
875
790
855
1048
1097
1033
857
888
941
986
994
991
976
899
666
771
1023
826
883
973
982
950
930
886
858
854
819
788
896
997
1022
886
815
759
739
758
850
920
934
960
992
1022
958
886
789
752
762
721
728
766
803
928
938
917
896
896
878
816
756
724
520
877
709
719
726
790
965
1096
993
932
854
784
717
676
648
642
683
752
802
600
996
732
727
724
716
769
838
839
840
840
871
781
710
699
698
701
715
777
862
867
972
989
934
880
787
754
819
860
1017
1034
1041
1082
1108
1063
940
908
872
847
846
885
943
869
859
894
1019
1015
967
850
803
813
823
926
981
989
946
1025
1028
977
895
908
901
788
879
994
998
989
1035
979
864
880
836
755
793
787
819
751
829
996
975
878
912
912
820
808
790
824
865
827
871
916
874
941
864
819
797
811
790
805
832
835
846
838
813
765
792
819
804
783
794
746
771
776
830
806
835
817
757
782
788
825
807
811
780
802
788
821
813
808
789
744
692
703
724
781
827
984
974
969
1041
916
967
938
930
935
918
848
842
817
846
787
876
923
950
1008
990
954
895
826
788
821
907
880
970
987
923
919
915
901
922
946
929
863
925
927
916
958
998
966
953
913
893
887
942
1060
1040
1062
1051
1038
1029
936
983
1007
971
973
1027
1012
1052
1063
1017
1013
1037
1000
1045
1063
985
1026
1014
1014
976
833
871
948
903
936
971
956
869
900
899
885
940
977
933
908
880
891
852
900
928
910
922
884
864
930
947
930
904
850
813
727
745
893
978
925
930
842
770
795
819
812
807
818
839
785
800
813
805
796
863
946
924
911
892
897
890
913
953
887
971
961
1006
946
892
900
889
776
741
771
854
974
1006
980
977
964
890
871
915
983
964
1024
1034
980
961
930
884
881
880
911
916
835
945
962
955
979
950
912
930
940
857
962
1020
982
1051
965
945
936
874
791
822
852
904
967
1008
966
958
967
935
922
866
828
771
767
815
890
891
896
854
777
724
720
729
743
803
744
839
866
801
844
851
800
834
859
868
854
891
904
844
889
906
888
862
867
848
800
864
938
879
922
924
898
836
850
839
846
835
771
798
959
936
890
911
921
845
820
764
839
924
1018
1004
1023
1015
999
964
994
1021
1016
994
1033
1034
976
938
959
909
922
891
878
815
886
878
953
1007
954
863
838
810
821
766
726
721
771
788
696
847
854
915
904
932
941
886
875
869
834
834
880
875
897
943
901
900
906
866
822
870
912
897
922
916
822
851
773
948
846
902
881
881
898
893
866
870
894
920
862
880
879
863
837
776
762
751
790
870
902
951
956
939
938
924
885
832
867
915
910
901
922
928
896
920
958
972
922
957
947
901
886
928
960
918
907
914
857
798
839
881
844
830
899
929
876
867
861
871
842
877
884
893
854
893
928
924
880
874
880
843
870
888
875
837
827
812
759
764
796
887
918
897
883
862
839
863
863
873
805
826
839
856
842
891
935
881
848
857
879
834
854
874
882
840
878
938
909
928
936
923
915
967
995
914
821
793
849
866
868
872
841
808
771
732
738
739
835
820
802
730
690
713
761
750
767
724
731
749
743
717
730
743
747
762
793
810
833
823
805
762
793
822
822
850
842
845
817
837
871
882
889
809
841
866
864
798
813
778
773
757
792
828
881
820
824
843
831
816
820
825
854
868
840
866
876
842
853
842
849
811
831
839
813
808
814
815
743
802
848
891
848
867
852
807
811
832
850
802
825
829
838
819
867
871
786
754
736
756
748
759
762
705
718
709
689
699
709
726
752
739
764
789
766
784
777
750
749
759
788
750
820
859
897
917
967
975
918
933
936
944
922
968
986
945
982
970
919
979
971
897
914
940
923
934
951
928
894
878
863
854
966
1042
985
997
927
882
868
869
847
889
965
954
999
985
913
916
904
811
835
854
843
824
826
802
846
839
825
769
805
844
839
871
895
900
871
895
905
851
775
803
851
1005
934
964
942
840
859
872
818
750
803
887
984
826
782
808
844
822
886
930
930
825
816
777
778
753
762
793
804
795
908
960
996
921
929
885
813
862
880
879
849
928
986
983
937
898
790
812
880
840
866
935
971
929
906
908
916
849
881
901
854
887
922
977
904
936
974
914
868
824
872
900
984
1021
979
1000
1000
901
859
786
791
794
880
1017
959
1066
1017
1013
995
958
859
881
900
847
893
968
919
961
983
908
905
897
856
861
861
827
885
905
926
925
952
966
941
922
843
861
922
890
891
897
899
919
873
841
913
932
946
913
881
799
868
927
894
916
950
946
862
861
868
900
897
950
967
957
888
917
911
843
893
915
879
930
984
989
922
901
848
771
818
852
901
891
1052
1087
977
996
981
903
880
863
797
838
865
864
985
1011
962
891
862
822
821
827
903
843
844
839
883
868
956
992
998
957
942
938
921
847
868
897
818
890
939
899
952
949
887
883
906
952
907
960
993
922
939
957
902
926
918
857
933
961
998
945
995
1024
974
926
918
923
858
896
997
975
883
905
873
919
965
997
946
932
923
940
896
885
785
829
963
962
949
974
957
871
901
938
974
888
963
1013
984
962
949
896
875
941
1022
973
966
984
993
866
934
976
933
918
997
1015
923
922
887
801
849
964
926
920
954
992
968
920
930
952
900
951
958
951
943
1017
1041
954
992
1020
1044
967
940
912
907
874
955
970
927
965
970
966
911
925
862
815
854
930
984
912
974
940
839
905
915
851
829
840
838
744
700
683
819
1026
1029
1012
950
886
870
838
802
813
854
898
904
878
824
753
805
821
908
931
873
862
877
844
757
769
766
841
862
823
865
929
960
877
854
830
775
806
801
809
789
845
965
995
969
909
914
919
856
764
776
805
886
921
919
940
979
930
842
847
860
849
777
843
851
856
774
843
945
930
842
840
845
827
788
796
807
868
828
862
894
862
804
858
921
920
878
861
860
843
854
797
865
938
967
939
901
856
898
882
882
837
866
938
895
897
874
878
838
897
893
849
896
952
976
927
926
887
829
753
776
801
876
831
914
948
899
898
914
932
870
896
875
912
875
820
868
980
962
936
1022
1050
1060
953
950
916
896
873
842
852
818
885
990
1072
970
996
992
907
811
840
865
926
895
965
1015
967
979
954
863
816
749
754
867
818
861
884
841
888
930
976
903
928
949
920
895
877
873
841
887
958
901
942
985
912
944
966
904
909
929
880
884
907
887
893
805
823
970
902
939
961
961
869
890
928
840
918
1047
1032
925
1003
1040
963
980
992
985
1011
1076
1060
1009
1031
997
937
907
885
771
825
932
919
979
1023
962
853
843
894
934
903
906
969
981
905
938
938
967
980
975
900
803
780
797
824
1063
1070
938
966
933
871
804
813
816
838
817
755
724
757
837
955
974
914
964
965
938
878
908
963
930
806
733
742
956
1047
1075
1057
1022
964
856
882
863
880
896
849
859
799
764
764
782
809
753
769
778
821
823
854
884
901
896
886
854
904
946
959
979
964
941
944
971
970
925
921
938
978
906
967
1043
899
947
999
931
922
981
961
808
752
722
713
734
711
827
896
945
956
852
874
832
826
771
810
815
859
846
855
818
776
729
761
796
877
813
842
868
835
782
762
712
750
834
791
825
859
890
884
960
846
763
742
828
976
1033
1051
1055
1005
858
964
1065
1063
1024
1091
1098
1063
1088
1061
968
1032
1098
1030
1126
1109
1013
1048
1063
1016
1058
1040
979
945
989