664
664
658
660
652
637
636
626
637
638
653
664
658
656
662
638
638
633
620
623
637
662
667
682
675
661
664
663
646
640
641
625
644
643
634
632
642
652
630
623
623
625
617
607
601
586
581
578
575
583
600
627
634
659
678
666
681
687
677
672
659
659
643
627
611
615
609
626
642
655
664
628
623
605
598
603
617
630
647
677
665
684
704
689
670
646
631
602
590
585
602
639
666
677
691
704
728
709
698
675
647
637
615
625
633
641
647
635
609
602
605
604
614
621
630
642
656
649
656
652
645
642
647
661
670
673
646
633
640
656
659
650
614
604
593
582
579
590
618
648
683
692
705
707
713
700
703
672
670
669
634
614
608
601
592
582
583
576
582
572
570
565
573
574
576
571
570
569
561
556
550
544
549
560
612
693
733
756
715
719
722
706
662
647
630
604
581
577
582
589
597
602
590
585
587
597
591
625
648
678
640
644
622
616
608
589
584
572
566
564
564
562
547
563
547
545
543
529
545
539
531
521
534
525
522
513
525
522
523
507
515
511
497
516
504
500
495
484
497
490
477
482
485
481
471
475
477
475
467
468
473
471
465
461
466
467
463
456
459
461
457
457
453
456
457
455
452
454
460
459
457
454
452
462
457
447
447
454
454
449
448
447
447
445
444
448
441
443
450
445
445
447
445
442
449
449
451
447
441
447
447
452
448
445
445
438
440
445
443
437
442
440
436
438
435
441
436
432
434
423
435
433
429
425
426
425
429
432
428
426
426
423
429
431
428
429
425
423
424
423
424
425
426
426
428
423
421
423
429
430
427
420
427
426
424
427
422
417
418
421
420
419
414
411
415
416
417
417
413
410
414
414
417
417
414
413
411
411
415
417
416
414
413
409
415
417
414
410
410
411
411
405
404
406
410
409
408
403
403
407
409
410
407
403
404
407
411
409
406
404
412
413
406
414
413
410
409
409
414
410
412
406
405
407
405
407
407
406
407
403
397
401
404
400
399
399
397
399
401
397
397
394
392
393
396
394
393
392
387
390
389
391
394
391
391
390
390
391
394
395
394
392
391
389
392
393
392
390
387
387
389
389
388
389
387
388
389
392
392
389
385
387
386
391
389
386
383
383
383
387
387
385
385
385
385
388
387
387
382
383
384
387
387
384
383
384
385
387
386
382
384
385
386
384
383
383
382
387
386
383
383
384
386
384
388
385
386
389
392
390
391
389
385
390
392
391
391
386
385
388
388
386
391
390
385
384
382
382
383
387
385
380
380
379
385
385
381
380
382
383
389
389
388
383
382
392
393
390
385
386
390
388
391
392
391
386
388
388
393
394
396
393
390
393
395
397
398
397
393
392
394
393
396
395
393
393
387
386
390
392
390
390
385
384
388
387
387
384
385
385
387
387
385
383
384
386
386
383
380
381
383
385
384
380
381
380
382
382
383
381
377
382
383
381
379
377
378
379
383
381
380
375
382
381
380
380
376
375
376
375
375
380
380
376
375
373
372
374
379
379
375
373
374
378
377
378
377
379
383
384
380
381
383
388
385
380
380
383
384
382
379
378
380
387
385
382
379
380
387
386
379
379
378
383
382
381
373
378
382
380
377
375
376
376
376
383
376
375
376
375
374
373
377
380
378
376
372
372
375
373
372
372
373
375
375
370
369
370
373
373
373
372
368
368
371
373
372
368
369
372
373
371
369
367
370
373
371
367
366
368
370
367
369
364
367
370
369
367
366
364
368
370
369
369
367
368
374
370
366
364
371
369
365
364
366
367
368
366
362
363
364
363
365
364
362
363
368
368
366
364
367
368
367
366
365
366
369
368
364
360
364
367
364
363
360
361
365
368
364
363
362
362
369
368
365
365
365
361
365
370
371
369
364
366
369
372
372
372
372
374
378
374
375
374
377
381
379
379
377
378
382
382
379
378
381
384
385
384
378
380
385
381
381
377
374
377
381
377
374
373
373
376
379
379
373
374
375
377
378
376
370
374
375
376
375
375
369
372
377
376
374
371
373
378
379
375
371
375
377
374
373
372
372
376
377
372
371
373
377
377
374
372
373
377
376
370
371
369
373
372
368
366
371
370
366
365
366
365
368
370
368
365
364
367
368
370
369
366
362
366
370
366
365
361
363
364
365
362
361
365
368
362
360
366
367
361
361
365
365
361
360
360
361
357
361
361
360
362
360
356
358
359
355
354
358
361
359
354
354
354
361
354
354
355
354
356
362
360
356
355
360
364
357
356
357
355
354
356
359
359
356
354
351
354
357
354
350
351
354
351
350
349
350
347
349
351
348
349
345
346
348
349
348
344
345
348
349
344
345
349
346
343
343
346
351
345
345
344
345
346
351
349
348
342
344
347
347
340
340
340
345
342
339
341
346
343
339
339
339
346
340
338
338
342
342
337
337
338
343
342
339
339
338
337
343
341
336
338
339
342
338
334
335
334
339
340
337
335
334
335
335
340
338
337
334
334
336
339
339
335
337
334
340
341
340
336
337
338
341
338
337
337
343
337
337
335
343
337
335
331
334
335
335
337
341
333
334
330
332
331
333
335
338
334
331
332
333
335
330
331
331
336
330
330
333
339
335
330
331
334
337
331
333
332
338
333
333
332
335
340
333
335
333
338
339
333
332
332
337
338
335
330
330
333
336
333
333
331
332
335
334
329
329
333
334
337
330
327
328
330
333
332
330
326
332
334
332
330
328
333
333
334
331
330
329
336
334
330
330
331
338
332
332
329
332
335
336
333
331
331
334
336
333
330
331
338
331
329
330
332
337
331
331
329
333
335
331
329
329
333
332
329
328
329
330
329
325
329
332
330
325
328
332
329
327
326
330
331
331
324
330
332
330
326
327
331
332
327
327
329
331
326
326
330
328
326
324
329
330
329
326
326
332
331
327
329
330
332
327
325
330
330
326
327
330
330
327
323
330
330
327
325
327
331
328
326
323
329
329
329
323
330
334
327
326
324
325
328
332
329
327
326
326
327
331
332
328
327
326
326
334
327
327
328
328
331
327
323
324
330
328
328
326
329
328
328
326
330
328
329
326
327
330
324
326
331
325
321
321
326
329
337
328
325
329
329
328
325
327
334
330
327
327
330
326
325
325
329
332
323
323
323
329
326
325
322
325
330
323
320
328
324
323
321
323
333
322
321
326
327
322
321
322
325
323
322
318
323
323
325
321
325
329
322
320
320
326
325
324
321
324
327
324
322
322
328
326
325
323
326
327
325
323
324
328
327
322
326
328
324
322
322
328
329
326
323
326
328
324
326
328
327
327
325
323
326
329
329
325
325
328
329
328
326
327
330
328
327
324
330
331
329
328
326
327
329
332
339
332
332
330
331
331
336
336
332
331
332
335
338
334
330
336
338
335
334
333
333
336
340
337
332
336
337
336
337
335
340
339
339
336
337
342
343
344
343
340
340
338
344
345
345
345
338
341
339
342
342
343
346
343
343
337
339
338
344
344
342
342
339
342
342
344
341
340
341
344
346
344
345
342
344
343
349
348
349
345
347
350
345
343
344
349
345
344
343
347
345
344
346
350
349
348
346
348
345
351
352
352
350
346
347
352
350
346
346
351
352
349
351
349
353
354
356
354
353
354
353
354
358
355
356
354
355
354
359
360
358
356
357
357
362
361
358
357
359
363
360
363
359
359
361
362
360
360
359
361
363
360
358
359
363
362
360
360
362
364
365
361
362
360
368
362
361
365
363
362
363
362
364
365
365
366
370
370
364
365
362
363
364
364
367
371
367
363
363
366
366
367
365
362
366
370
367
367
365
366
372
376
370
373
368
375
374
373
370
374
376
375
372
369
372
373
374
375
373
369
371
372
376
375
371
371
371
372
378
371
372
368
367
371
373
371
368
367
373
370
368
367
368
372
375
372
372
370
371
374
375
371
372
375
377
377
378
376
374
374
376
378
376
375
373
371
378
376
374
373
377
379
384
381
379
377
377
379
380
380
376
378
383
380
378
378
383
385
380
381
380
385
385
383
382
382
386
386
383
379
382
383
381
378
377
379
382
379
376
376
379
379
383
382
381
377
377
380
383
381
377
378
382
380
377
377
379
382
380
380
377
379
384
381
380
378
384
387
384
382
381
385
385
384
383
384
388
384
384
383
384
385
387
387
383
384
383
380
384
388
384
383
382
386
385
385
381
382
385
384
383
383
385
383
382
381
379
382
383
382
377
381
383
380
379
381
378
381
387
382
381
381
377
381
383
379
380
382
381
377
375
381
379
378
377
382
381
383
383
380
383
389
386
384
384
382
382
383
384
379
379
387
382
380
377
379
384
379
378
378
382
383
381
379
382
382
381
383
382
383
386
385
381
378
381
379
385
385
381
380
380
377
381
384
382
381
382
384
386
382
386
389
384
383
384
386
382
381
382
379
382
384
382
379
378
384
382
383
381
380
379
382
390
388
385
383
385
388
384
382
382
385
383
380
385
386
382
384
382
380
378
386
384
382
378
378
380
383
379
377
379
375
378
375
374
377
376
380
375
371
375
373
371
370
375
375
374
370
373
375
378
381
376
376
378
380
380
378
380
384
381
380
381
384
382
379
381
383
380
379
381
381
383
383
382
381
381
380
381
381
378
376
379
382
378
375
380
383
381
380
382
383
381
385
389
386
382
380
381
384
384
383
381
380
385
384
381
384
383
381
379
382
381
386
383
385
381
379
381
382
383
382
380
378
375
379
382
375
377
375
376
379
380
376
375
374
375
377
376
373
375
374
376
373
373
372
374
379
376
372
372
372
373
376
376
371
371
376
374
376
372
374
372
376
380
379
374
378
377
373
373
374
375
378
377
381
376
374
373
372
374
374
374
374
374
372
376
377
377
381
379
377
377
376
377
381
379
379
375
380
381
381
379
380
381
385
387
386
385
383
386
386
384
382
386
389
390
389
389
396
396
395
396
399
396
395
393
396
393
394
390
393
389
389
388
385
385
392
389
388
384
386
388
385
387
385
385
390
392
391
390
389
385
386
388
386
382
386
388
388
383
385
386
386
384
382
383
385
384
383
383
389
387
385
384
388
390
387
385
389
392
387
388
387
385
389
389
389
383
386
388
387
384
383
388
391
385
384
382
390
389
387
387
392
393
395
391
396
396
396
393
396
399
395
395
393
398
397
395
395
399
399
398
396
398
400
402
401
401
401
401
404
402
400
396
401
403
402
400
398
400
405
401
399
398
400
399
400
399
398
402
401
400
396
397
396
397
394
396
394
397
393
391
388
389
394
392
385
388
390
389
388
387
387
390
391
390
387
387
387
390
391
390
387
385
384
384
386
389
387
382
383
385
389
388
389
385
384
389
390
388
386
387
391
393
389
387
387
390
390
390
386
388
394
392
390
390
393
395
394
391
392
396
394
395
393
390
394
397
393
393
390
395
393
391
390
389
391
390
389
397
391
383
386
388
386
382
385
388
391
391
390
389
390
390
389
395
393
391
388
386
392
393
389
390
387
387
391
394
390
390
391
388
387
393
395
391
390
389
389
388
391
390
392
389
390
388
388
388
387
392
393
392
390
389
393
393
390
388
387
387
390
389
385
383
384
388
387
384
383
386
386
385
382
384
388
384
383
380
382
383
381
381
381
380
384
382
381
379
381
382
380
383
382
382
386
388
384
381
383
385
385
387
388
389
387
384
388
392
391
390
390
389
394
394
391
388
391
386
389
389
388
386
389
388
387
382
380
388
384
383
388
384
385
385
384
382
391
391
389
386
383
382
382
387
384
381
377
378
374
371
377
380
375
372
371
368
377
372
368
371
368
373
372
372
371
371
368
370
368
369
374
372
372
370
370
371
371
369
370
374
373
371
370
370
371
371
373
377
379
377
376
374
372
373
371
372
376
373
372
370
370
371
368
371
376
371
370
367
370
374
371
370
364
373
373
371
371
369
370
371
370
369
377
372
371
369
368
367
370
369
366
370
373
367
363
369
371
373
368
369
368
370
366
368
370
370
367
371
370
367
365
365
363
361
367
370
366
366
364
367
366
366
365
364
369
365
364
364
362
371
365
365
362
365
367
366
369
366
366
364
364
366
367
368
371
367
365
365
371
364
365
364
362
363
364
369
369
364
362
359
360
359
363
368
365
366
362
364
368
368
367
365
371
367
369
364
366
366
365
367
368
369
372
370
366
362
365
368
367
362
365
369
366
367
368
366
374
369
372
366
365
367
367
365
373
369
368
364
366
365
365
363
363
366
371
365
361
361
361
363
365
366
366
364
365
369
368
364
368
371
373
376
372
370
371
367
368
371
375
372
369
366
368
373
367
368
367
373
366
368
363
366
365
374
370
370
368
366
368
369
368
364
369
362
366
363
366
366
364
360
362
364
366
365
367
362
363
360
360
359
360
359
359
359
363
358
360
363
366
359
358
354
358
361
357
360
358
359
364
365
365
362
365
370
370
368
366
367
368
367
367
366
363
364
365
363
369
366
364
362
364
367
362
364
358
362
363
359
361
361
357
358
363
364
360
356
354
356
355
353
354
359
356
352
353
355
355
352
354
359
356
353
355
354
354
357
356
357
356
354
357
358
359
360
358
358
358
355
356
361
358
354
357
355
356
361
359
357
358
362
358
356
358
359
359
362
359
362
365
362
360
358
358
357
362
364
360
357
357
359
357
357
355
362
362
356
356
353
356
356
356
356
354
359
360
358
356
354
354
353
354
357
360
357
357
354
354
355
358
355
355
354
354
353
355
359
359
356
354
354
355
354
358
358
354
354
353
354
352
354
354
355
358
354
354
352
355
357
360
355
357
356
355
357
354
362
361
358
355
356
359
358
356
355
354
353
357
359
356
355
357
357
360
358
355
355
354
357
354
355
354
360
358
356
355
353
354
357
361
355
355
357
354
354
354
354
352
353
352
355
357
354
361
360
356
356
356
355
358
362
360
358
358
361
364
363
363
364
368
364
366
361
361
366
363
363
358
361
360
360
362
362
360
359
357
360
357
354
358
360
357
356
355
356
354
357
356
356
361
358
356
357
355
356
354
355
353
357
357
357
352
354
354
356
354
355
354
354
356
356
362
358
356
354
355
357
360
365
362
363
361
366
363
366
370
367
369
366
366
363
366
365
364
362
361
359
360
359
360
359
358
357
361
359
358
356
354
358
359
358
360
358
360
365
365
360
361
360
363
362
361
360
362
367
366
365
362
366
366
366
368
369
372
367
364
364
363
364
362
365
366
365
361
359
360
360
358
362
360
361
364
366
359
362
359
361
363
362
361
364
368
363
360
361
359
368
369
367
367
370
370
371
373
374
377
375
374
372
372
370
371
376
375
371
370
370
373
370
370
369
366
370
376
374
374
375
375
378
380
376
379
379
382
377
376
380
382
378
381
375
375
379
380
376
380
377
380
380
380
385
383
384
382
387
388
387
383
384
378
388
386
384
379
378
375
381
377
375
375
376
382
378
375
372
369
373
372
371
378
374
372
372
370
373
370
374
373
372
372
375
375
375
374
376
381
377
378
380
379
378
384
385
383
382
388
384
383
383
391
387
387
388
388
393
395
390
387
388
393
392
394
392
396
396
395
394
399
399
398
396
395
396
396
395
393
400
393
391
391
389
387
386
384
383
380
383
378
383
384
380
378
375
383
378
378
377
377
380
381
383
377
388
381
380
377
376
374
375
376
374
376
374
373
370
372
379
378
377
374
379
379
379
387
384
384
385
385
392
389
389
388
386
387
386
383
386
384
382
386
388
384
384
382
387
381
382
381
378
380
377
381
376
380
375
369
370
371
369
372
370
368
369
366
371
373
370
367
367
373
368
367
367
367
373
373
373
369
372
370
372
369
368
376
372
369
375
370
370
370
374
373
374
376
376
374
380
376
374
373
370
370
375
371
371
369
368
367
370
372
372
369
370
370
375
375
374
372
379
377
384
378
376
375
374
375
377
377
376
377
375
375
374
375
375
374
373
372
370
375
375
373
371
370
368
377
381
379
380
380
380
378
381
383
385
382
380
384
381
384
380
380
382
379
380
387
380
376
379
380
381
378
378
383
386
389
391
391
395
396
396
400
396
397
400
397
393
393
393
391
390
398
391
391
390
390
390
392
395
396
396
393
396
397
398
396
400
400
399
401
403
396
408
406
400
401
400
397
399
398
394
398
397
396
385
391
386
389
385
386
385
388
392
394
390
392
395
391
397
401
395
392
394
390
393
396
392
390
391
395
394
396
392
392
391
395
393
392
389
387
393
392
388
388
390
395
397
396
394
393
399
401
399
396
402
400
399
400
401
403
399
401
397
402
395
402
403
399
403
400
399
400
396
405
401
397
396
399
397
392
404
397
395
396
398
394
396
389
399
396
395
396
399
398
398
401
399
400
399
396
396
396
394
393
393
387
396
390
385
384
387
385
386
388
386
386
384
386
390
392
391
389
385
385
386
389
394
391
390
390
391
393
396
396
393
392
396
396
394
390
390
394
394
394
390
390
396
396
394
394
393
391
397
398
396
395
393
400
396
396
394
394
397
403
401
396
398
397
396
400
404
400
400
399
395
393
398
399
396
397
394
396
397
403
402
400
402
401
406
406
406
402
405
406
404
401
401
400
403
396
401
402
401
396
397
396
402
399
398
396
399
398
393
405
399
394
396
395
391
394
400
393
389
391
392
392
393
391
392
391
390
389
390
396
389
385
382
383
382
379
381
384
376
376
377
375
375
377
377
374
376
376
374
371
380
376
372
370
371
375
372
374
374
374
374
378
380
377
377
378
381
381
378
378
378
383
380
377
374
376
377
374
372
374
374
378
379
379
376
375
372
376
377
373
373
377
375
376
375
379
378
379
377
382
379
379
377
378
378
375
374
376
382
377
376
376
376
372
374
377
375
375
374
374
376
378
374
375
371
373
371
371
373
372
370
373
368
374
370
369
366
364
369
373
365
370
368
369
374
375
375
374
378
377
374
378
374
371
372
373
378
375
373
370
374
374
374
372
375
375
376
371
375
378
372
373
370
369
368
372
369
373
370
370
369
367
367
368
367
363
363
362
362
365
366
368
364
366
361
367
367
367
369
372
371
371
372
371
373
373
368
369
366
365
366
362
368
363
364
360
361
359
360
366
363
364
360
359
363
369
364
367
365
364
365
367
365
371
369
365
364
364
367
364
371
365
366
371
367
366
364
361
361
368
367
364
361
360
364
369
365
366
365
365
369
372
368
365
370
373
370
366
372
368
370
368
368
377
373
370
370
370
370
371
371
367
368
372
370
367
367
366
370
374
368
371
370
373
371
371
368
375
373
369
367
366
372
368
366
365
363
362
364
360
361
360
361
365
365
365
363
369
367
367
369
368
373
376
377
376
373
376
378
376
374
375
381
376
377
374
384
377
379
378
382
382
379
381
378
377
377
376
375
376
371
372
369
375
375
373
367
369
365
368
369
367
371
370
372
364
369
368
367
367
364
367
361
370
366
367
360
365
364
365
362
367
372
365
366
365
367
369
372
377
372
378
378
380
387
385
383
380
380
387
384
382
379
379
376
381
380
381
377
380
376
377
375
383
382
381
379
379
378
377
385
376
379
377
376
378
379
379
382
380
378
376
380
386
383
386
392
393
396
401
399
400
399
404
407
404
401
402
400
403
402
399
399
397
391
398
390
388
388
388
387
393
395
390
391
389
389
393
393
391
394
390
385
387
388
386
383
381
380
381
378
375
382
381
378
375
377
379
376
375
381
377
377
375
376
375
380
380
379
375
387
383
380
380
380
379
379
388
382
376
383
381
382
383
387
388
386
391
394
386
390
383
390
386
383
381
380
387
381
381
378
378
379
377
379
378
376
378
373
382
379
377
375
375
374
376
375
380
379
379
377
375
377
377
385
382
383
380
382
386
386
385
385
387
388
390
396
394
392
392
391
396
395
392
391
391
389
395
395
392
390
391
390
391
391
391
390
388
396
392
387
385
386
392
391
396
397
398
402
405
404
402
402
404
402
406
410
407
407
404
405
410
406
403
402
407
405
407
404
408
406
409
407
408
412
411
413
408
410
411
416
412
412
413
412
415
418
418
415
413
415
416
414
412
410
414
413
411
410
414
412
412
412
408
408
412
410
404
402
404
405
405
400
403
405
405
403
411
406
405
405
410
406
406
405
409
412
407
405
405
406
408
407
403
400
403
399
401
404
404
401
403
402
407
409
407
410
414
414
413
415
414
414
416
418
414
413
415
412
407
409
404
408
405
406
404
399
401
403
398
401
398
401
405
401
396
403
402
400
406
402
405
407
407
408
409
406
411
408
401
405
404
398
398
398
398
398
398
393
395
399
394
392
395
398
400
399
397
403
404
402
401
404
405
402
400
400
401
399
396
396
395
396
396
395
395
393
393
395
394
392
393
397
396
394
394
396
396
395
393
396
395
392
394
394
392
398
396
394
391
392
394
394
391
392
393
396
392
389
391
393
399
393
396
395
396
397
397
400
396
401
399
396
392
395
395
392
392
390
395
390
391
390
389
393
393
389
389
391
391
391
388
393
396
394
393
394
393
395
401
396
396
393
392
394
396
394
391
388
391
394
392
393
392
396
400
400
397
404
401
403
400
402
399
398
404
401
396
396
398
397
394
396
398
398
398
396
400
401
401
400
397
394
399
399
396
392
390
396
393
393
393
391
395
398
394
396
396
395
395
394
399
396
394
391
389
390
394
391
389
382
391
385
384
382
382
382
381
378
384
385
381
379
381
382
381
377
384
382
382
388
386
386
388
392
389
389
386
389
395
393
389
386
387
392
388
384
382
386
389
384
385
381
382
377
383
384
381
380
379
385
387
386
382
384
383
384
382
389
387
382
379
378
379
377
379
383
380
375
373
378
380
379
383
385
390
393
393
396
396
400
403
400
404
399
404
400
399
396
394
397
393
393
394
395
393
390
390
387
390
393
393
396
395
393
393
391
392
391
392
390
392
395
389
388
385
383
383
382
386
386
382
381
379
386
383
381
381
378
383
383
378
374
379
374
374
370
375
375
374
375
374
376
378
375
372
375
376
376
380
378
381
381
382
382
380
378
380
380
377
376
377
380
383
380
378
376
376
379
377
375
376
376
380
379
376
375
378
379
381
377
381
380
381
376
376
377
378
383
381
379
376
375
380
383
381
379
379
379
384
385
382
382
383
385
380
380
378
377
386
379
375
374
373
371
371
369
368
369
368
373
374
370
367
369
373
372
372
370
374
376
376
378
378
379
382
381
382
379
379
378
377
379
376
376
374
374
375
378
376
374
371
374
379
374
373
370
374
377
375
373
372
378
376
372
372
376
373
370
371
370
371
370
370
369
371
375
372
369
367
369
373
368
369
369
368
372
369
371
370
371
372
369
367
368
367
371
374
369
370
369
366
367
368
371
370
373
372
372
373
371
372
371
370
370
372
370
371
370
370
371
374
370
371
369
368
369
374
370
374
371
371
373
377
375
372
374
370
371
369
368
372
370
377
372
369
370
372
375
374
376
375
376
374
377
379
379
381
382
378
380
377
378
379
380
379
375
372
378
376
376
379
379
382
383
383
379
380
380
377
378
379
375
377
375
375
380
378
373
371
370
374
379
376
375
376
378
380
384
382
382
380
385
386
383
382
382
384
382
381
380
381
382
381
380
377
379
376
378
383
377
376
375
375
375
375
373
380
376
372
376
379
376
377
377
380
381
383
388
390
387
390
394
393
391
393
396
391
395
389
394
388
389
386
388
385
386
388
385
384
379
381
379
378
379
379
377
378
382
379
375
372
377
379
377
379
380
382
379
385
381
383
386
385
383
381
381
386
381
380
378
378
382
381
379
378
382
384
383
381
380
388
384
382
381
382
386
385
382
380
385
387
386
386
384
389
391
388
387
389
391
389
389
386
389
392
389
387
387
392
392
390
389
393
395
391
392
392
394
394
390
390
396
392
390
389
390
394
392
391
390
395
395
393
393
396
396
396
394
393
395
397
394
394
393
396
394
394
391
395
396
395
397
396
393
391
391
389
389
390
388
385
384
387
386
383
382
384
385
386
384
382
385
385
384
384
386
388
387
384
383
385
389
387
385
384
388
391
390
388
390
391
392
391
390
391
394
392
391
394
394
395
393
392
393
395
392
387
388
392
389
387
387
388
393
388
390
389
387
394
393
391
392
391
393
394
389
387
388
389
388
386
388
389
391
391
389
393
396
393
394
394
395
395
392
391
394
393
389
387
391
389
385
381
384
385
383
378
377
383
379
375
377
377
374
371
372
377
375
372
370
370
373
370
368
365
369
368
367
365
367
371
370
370
370
374
374
374
375
380
376
376
380
382
379
381
378
383
381
382
382
384
384
381
385
386
388
384
385
389
389
387
386
389
389
384
385
386
385
384
385
390
391
385
388
389
392
391
388
390
391
389
387
390
388
384
382
384
385
384
381
381
384
385
384
381
387
388
387
384
385
389
385
387
386
387
388
389
386
385
387
389
387
382
388
389
386
381
385
387
386
384
382
384
386
389
392
388
384
382
382
383
386
385
382
382
378
380
385
383
380
383
384
380
378
377
379
382
380
376
375
378
378
379
375
375
380
379
376
372
376
375
374
372
371
370
373
375
378
374
371
373
375
373
371
372
375
372
372
376
376
373
372
375
373
370
374
376
372
371
371
372
375
374
372
368
366
368
366
367
364
368
367
368
369
368
367
367
368
367
372
372
374
373
374
375
377
377
377
378
377
375
376
376
380
378
380
376
382
375
379
375
379
377
379
383
378
375
374
373
377
375
376
375
379
382
382
380
381
382
383
385
384
382
380
383
385
384
385
380
382
389
391
385
383
383
381
376
377
382
377
373
372
372
374
374
376
373
374
371
374
374
370
370
370
373
375
371
371
373
373
375
376
382
381
377
381
380
377
377
377
377
381
380
374
377
381
378
376
373
371
373
379
375
370
371
370
371
371
370
369
371
374
374
373
374
374
372
370
371
372
373
375
373
372
374
374
377
376
374
376
382
381
377
375
374
376
383
381
380
380
381
384
385
385
383
382
381
379
381
385
382
381
378
380
380
385
381
380
379
381
384
386
382
381
388
386
387
382
385
385
382
379
382
382
386
386
381
382
380
382
382
384
383
383
380
383
381
382
381
376
380
379
380
377
373
375
373
374
379
375
376
375
381
383
381
382
387
385
383
387
387
385
382
385
387
385
385
385
389
390
390
391
393
396
394
392
395
396
395
392
392
392
391
393
395
393
390
391
391
393
389
390
395
391
390
390
390
394
393
389
389
388
388
388
389
390
394
392
391
392
392
397
395
394
393
393
396
396
393
392
394
395
393
391
392
397
396
396
396
395
400
396
395
393
394
396
392
388
390
391
395
393
390
391
389
391
387
389
393
388
390
390
390
391
386
390
389
393
390
386
383
382
383
383
385
381
381
379
381
382
377
379
379
379
377
376
376
375
374
376
375
374
374
380
376
373
373
373
375
379
376
376
376
377
381
381
379
377
380
383
381
379
382
382
386
383
382
384
382
384
388
385
386
385
388
391
388
387
389
393
391
388
388
390
391
390
388
388
390
388
386
389
392
392
391
387
389
389
386
386
390
387
384
382
381
384
384
382
378
379
377
377
383
380
378
379
377
382
381
380
383
382
381
382
382
381
386
388
383
383
380
378
381
379
382
381
378
379
379
386
384
383
381
388
389
386
388
385
391
390
388
392
390
388
387
386
386
387
380
385
380
382
387
382
377
381
382
387
393
397
399
402
407
407
408
409
409
412
410
412
409
410
411
406
404
406
403
399
398
400
401
397
396
399
399
400
398
400
399
397
400
400
396
395
395
396
399
397
402
410
409
407
410
410
410
410
408
405
410
405
400
399
397
397
396
396
396
396
401
399
395
396
396
398
399
399
403
403
403
402
403
405
406
402
402
399
398
400
397
396
396
396
398
397
394
394
396
401
398
400
404
405
403
409
409
407
409
408
408
410
408
406
404
406
403
404
399
401
404
404
400
401
400
401
401
399
398
397
397
397
398
401
398
397
397
400
396
396
395
398
399
402
402
405
404
403
407
406
404
406
407
406
405
403
409
409
411
411
410
409
414
416
416
415
413
415
419
418
418
414
423
418
415
409
415
407
406
408
402
402
399
398
399
400
400
399
398
397
397
398
401
397
396
396
399
406
403
410
421
423
429
436
437
430
436
428
430
427
425
419
423
420
415
414
411
411
410
406
405
402
401
400
398
404
396
394
389
394
396
396
393
392
393
392
390
393
393
392
390
395
394
393
390
389
389
387
391
396
395
393
394
393
389
398
395
394
394
392
392
391
394
399
394
392
389
391
394
390
391
390
394
396
397
398
397
401
404
401
401
400
400
398
401
401
400
394
396
399
396
393
392
394
398
396
392
391
391
393
392
393
393
399
396
401
402
401
405
407
406
401
407
407
407
406
407
410
413
414
413
408
411
416
413
409
405
406
407
406
404
405
408
407
407
406
411
413
412
409
409
413
411
407
409
414
411
416
414
415
415
414
411
414
411
407
402
406
405
406
403
409
410
412
412
409
412
414
408
410
409
406
401
403
399
398
398
396
393
394
398
396
391
392
390
390
393
393
393
392
394
394
398
397
398
395
394
392
392
395
388
382
383
379
378
377
378
379
381
381
384
381
383
387
384
388
387
386
388
389
386
387
382
387
386
385
383
386
389
388
389
389
390
392
391
392
396
394
392
394
396
397
398
405
411
415
417
416
423
423
420
423
418
417
413
415
413
407
405
405
409
407
402
403
409
406
409
414
411
418
418
421
416
421
421
417
420
421
414
413
411
409
404
402
401
402
400
400
403
404
407
409
407
408
412
409
410
412
409
409
406
409
406
407
406
400
405
399
401
397
397
396
401
396
396
396
392
396
397
393
401
403
396
396
395
396
395
397
397
394
396
393
392
389
389
395
390
387
382
382
381
383
387
380
383
380
381
381
383
389
385
382
381
382
379
382
380
377
375
382
380
376
380
376
373
374
375
377
375
379
379
383
383
383
385
386
385
387
385
392
389
380
385
386
384
384
382
382
381
384
376
374
372
372
375
375
372
374
376
372
377
371
375
375
375
371
379
373
375
370
371
368
369
369
371
371
376
375
375
375
380
385
392
398
396
397
398
405
402
401
403
397
397
401
393
394
392
391
391
389
387
386
386
382
392
385
381
383
380
381
382
382
378
381
385
385
384
386
384
384
386
386
389
385
386
388
386
385
386
385
383
382
383
383
385
386
388
383
383
379
379
381
382
384
383
386
387
388
391
391
390
391
390
388
386
391
387
383
383
381
380
382
379
384
383
379
379
380
385
388
392
396
399
402
402
404
407
405
411
408
404
406
405
405
398
397
397
398
396
395
394
398
397
397
395
397
401
402
397
397
394
399
396
392
391
388
386
385
385
384
384
385
378
375
374
382
382
377
379
384
384
385
386
392
390
390
386
389
385
387
391
386
391
383
384
382
387
386
385
386
387
387
388
388
387
384
388
390
386
383
379
383
381
383
383
385
384
391
388
386
387
384
385
386
385
382
385
384
382
385
383
381
383
387
387
388
388
391
388
391
389
392
390
387
388
383
383
383
381
381
381
380
384
379
376
378
379
382
379
376
378
380
379
382
382
383
384
385
381
383
378
381
383
378
377
376
377
376
375
381
377
375
372
372
372
369
376
375
372
373
373
377
371
378
377
376
377
388
381
379
378
377
377
377
376
375
378
377
377
375
373
374
375
370
369
370
370
367
370
369
368
369
367
367
367
366
370
368
366
366
368
370
373
373
374
370
373
373
372
373
375
382
376
373
375
371
373
374
375
378
378
373
373
374
375
373
375
379
375
374
372
372
378
375
370
371
372
370
372
372
372
379
375
369
369
371
370
375
376
372
370
373
375
375
377
377
384
387
387
387
390
391
393
387
388
391
385
385
385
384
384
388
382
378
380
384
380
381
381
385
388
388
391
394
396
399
396
396
398
397
398
396
397
396
396
396
390
391
394
392
393
391
392
395
392
394
396
396
395
395
393
395
401
396
391
392
396
394
397
399
400
403
405
404
401
405
405
404
403
406
403
405
403
400
401
397
399
396
394
395
394
393
398
393
392
393
396
399
400
398
401
399
404
402
396
395
391
389
394
394
392
395
392
395
395
397
400
399
398
396
397
399
398
396
397
401
401
401
399
395
396
395
395
395
392
390
395
390
388
393
391
388
387
388
390
392
390
391
392
393
397
396
394
394
397
396
394
393
395
393
395
390
391
393
390
392
394
395
396
395
398
400
399
397
398
396
394
399
403
407
412
418
423
421
419
421
420
420
415
415
417
412
407
409
407
410
405
403
405
403
401
409
403
400
400
407
409
412
416
415
415
420
422
416
421
417
419
416
413
414
414
406
405
405
408
405
403
404
404
404
402
403
405
400
395
396
397
394
396
396
395
397
396
396
401
400
394
408
405
405
401
409
409
409
405
408
411
412
409
408
407
412
410
409
405
408
404
410
405
405
404
404
401
403
399
402
402
399
396
398
399
401
399
400
402
403
402
401
401
407
407
406
403
406
408
407
408
405
411
411
407
407
406
402
407
400
397
398
397
394
393
389
394
389
385
390
393
392
393
393
392
397
396
396
398
398
399
398
398
402
401
399
398
397
400
398
398
397
398
398
397
396
397
398
396
395
395
396
401
400
401
402
406
407
406
403
407
405
405
398
401
398
396
395
393
393
396
393
391
390
387
387
388
389
388
384
386
385
381
382
384
382
379
381
381
382
379
378
378
380
383
379
376
377
381
379
378
380
379
380
379
384
380
380
379
382
384
381
380
378
384
384
381
384
389
385
383
381
383
381
384
387
384
382
380
383
385
385
386
390
395
396
399
404
404
406
409
410
405
407
407
407
402
402
406
403
400
400
403
402
399
399
396
400
400
400
398
399
404
402
399
403
402
403
407
407
404
403
401
399
401
400
395
395
391
394
391
390
389
391
393
392
392
393
395
394
396
394
395
392
392
392
387
396
393
389
384
388
385
386
386
386
389
392
391
392
393
396
395
396
397
397
394
398
397
394
395
392
390
389
398
393
391
387
389
385
390
391
387
386
385
390
392
389
389
392
393
396
393
392
397
394
393
394
393
394
392
392
391
389
392
394
390
392
392
387
387
389
386
389
391
390
388
392
394
391
393
393
397
395
394
392
394
396
393
396
392
394
397
397
395
392
395
396
396
395
393
397
397
395
396
397
397
396
392
396
398
394
391
391
396
392
389
387
395
390
386
391
394
394
390
390
387
391
391
386
389
387
386
384
383
383
383
383
383
377
380
378
381
377
377
379
378
378
372
374
373
376
375
372
372
375
371
373
373
372
369
369
375
375
375
374
375
376
374
374
375
377
379
378
378
380
376
379
379
381
380
377
377
377
378
377
378
380
381
380
381
378
380
381
378
380
378
379
383
379
382
386
387
386
388
390
390
392
390
391
390
391
390
391
393
389
386
387
386
387
385
386
386
385
389
389
386
387
388
389
387
387
386
388
385
389
389
389
383
382
387
389
390
394
394
395
395
396
400
397
396
394
394
395
396
393
394
392
388
393
396
391
389
387
391
391
391
393
395
396
396
400
400
403
404
408
411
410
411
411
409
410
406
410
407
407
408
411
414
413
417
421
423
423
423
424
423
420
417
417
418
420
423
423
429
431
431
438
435
436
434
431
432
427
422
422
423
423
428
433
430
432
429
434
431
429
427
425
427
426
425
424
425
426
425
424
424
424
426
430
443
466
483
482
490
522
483
472
461
462
453
454
450
448
449
447
454
458
457
453
454
453
458
459
462
463
488
471
514
509
479
469
470
479
456
460
454
460
469
474
467
466
468
463
459
463
453
457
457
457
457
456
457
455
459
459
470
475
481
486
498
496
486
483
486
502
501
503
496
497
496
506
508
500
507
521
545
520
506
514
507
503
498
492
486
483
482
487
501
520
528
548
561
531
530
512
515
501
489
484
475
470
468
469
468
480
491
488
496
503
498
503
490
492
490
486
484
485
483
490
500
509
514
521
536
526
535
517
507
504
498
492
485
485
483
498
524
562
560
555
543
535
506
508
502
508
508
511
502
508
491
500
493
486
484
479
476
472
470
464
474
474
476
483
505
519
536
512
499
498
492
503
500
508
502
502
486
490
482
485
483
476
482
478
486
514
588
640
676
659
646
639
627
606
614
561
549
541
527
527
518
516
510
506
499
499
504
514
538
560
567
541
538
547
545
530
521
519
507
495
498
497
510
528
550
556
549
571
568
557
544
531
529
528
524
521
535
561
590
613
614
575
580
577
574
557
555
547
530
533
527
530
528
546
564
594
595
562
549
535
540
535
535
533
537
538
548
549
562
552
548
541
533
528
535
542
546
550
547
548
550
549
544
536
538
535
529
524
523
521
518
520
514
533
548
552
548
559
552
543
539
529
522
522
510
503
498
488
496
490
496
508
520
534
536
530
543
529
563
540
538
533
521
517
509
505
503
499
514
522
521
521
529
520
523
521
517
510
505
516
512
510
503
497
499
502
507
518
525
557
578
586
562
542
515
517
510
500
492
488
485
481
493
503
517
534
567
593
587
568
556
548
537
530
521
512
509
514
521
534
539
551
591
610
601
594
579
569
557
544
536
532
524
520
521
513
519
512
515
521
532
536
557
555
551
577
568
567
550
543
534
526
522
513
520
523
549
565
576
555
543
522
524