926
900
865
839
841
857
852
856
850
833
813
696
623
604
587
560
563
541
532
474
407
691
511
517
508
512
512
507
505
506
518
514
497
505
508
516
512
491
506
502
505
489
476
483
481
474
479
459
444
457
453
446
450
438
436
433
429
432
429
428
426
425
427
424
427
427
427
429
427
432
432
435
434
436
438
438
435
436
438
438
437
438
437
438
439
439
439
439
443
437
433
434
434
438
443
446
453
458
460
460
459
457
451
443
441
445
438
439
446
450
455
452
458
462
452
453
456
450
446
447
452
443
436
438
438
435
435
435
436
432
430
430
430
434
438
438
443
440
438
433
436
435
430
429
428
432
428
428
432
434
437
433
438
440
438
386
947
441
441
442
438
435
436
440
438
434
437
876
429
429
428
433
433
432
861
452
406
540
493
450
502
383
489
339
763
506
484
482
480
483
474
468
464
461
457
454
461
440
442
435
438
435
426
432
427
426
425
419
421
420
419
414
415
414
411
406
406
405
407
407
404
404
402
396
403
267
259
279
402
402
313
489
402
398
398
403
400
397
397
398
403
396
396
399
398
401
397
395
402
403
400
406
403
397
404
403
403
409
410
410
409
408
414
416
415
418
428
429
283
572
430
436
430
432
434
425
429
427
435
405
418
423
417