423
855
423
420
422
425
424
422
424
422
422
424
427
428
429
431
432
435
437
441
454
477
498
550
592
571
539
542
539
537
526
521
524
524
345
693
512
513
510
512
510
513
523
533
538
542
548
558
548
546
552
558
548
541
539
544
547
542
551
563
565
553
551
545
544
539
539
542
547
550
542
540
531
521
517
514
514
514
520
530
545
546
552
558
566
562
554
560
566
563
559
564
335
401
381
483
646
434
669
540
436
476
448
262
563
479
856
685
695
718
603
535
852
634
614
602
599
592
587
579
565
564
566
571
572
573
580
529
642
578
582
591
316
270
582
587
448
731
583
579
591
314
281
591
585
580
582
583
581
579
578
579
576
577
583
341
255
554
487
268
503
597
602
592