576
563
559
555
553
548
548
546
547
556
574
587
612
624
616
594
959
839
800
651
623
604
592
583
568
560
552
549
542
541
539
541
539
534
523
502
514
513
505
494
513
512
513
510
510
511
531
538
565
536
524
528
525
519
524
506
490
496
497
484
485
476
466
456
459
458
452
453
454
439
431
433
434
429
428
424
427
416
416
411
411
407
407
413
405
403
405
406
405
405
405
410
408
409
412
415
415
414
419
422
425
426
429
425
434
434
439
442
442
442
443
440
440
438
437
438
434
433
436
433
428
426
429
427
426
425
424
423
423
424
421
415
417
416
412
411
408
411
408
406
407
411
410
408
406
410
411
407
407
406
410
410
409
409
408
409
413
411
412
409
412
410
410
411
415
417
417
419
417
416
417
418
420
420
422
418
421
421
421
422
427
433
437
443
444
446
449
448
452
452
457
459
459
459
460
458
455
455
455
451
453
453
458
456
456
458
459
455
454
452
445
443
446
446
448
462
473
481
480
481
479
476
467
465
466
455
458
458
472
504
519
516
510
508
503
497
491
488
477
479
479
481
487
494
496
497
488
484
482
479
478
476
471
469
465
467
487
531
562
559
578
590
594
568
547
538
545
536
529
528
528
527
524
519
516
514
516
514
513
512
520
519
519
513
520
520
519
519
514
518
523
525
522
520
522
520
516
517
516
520
531
528
530
538
551
570
573
584
572
565
563
554
534
514
508
511
550
728
453
286
657
604
368
859
604
327
294
633
619
601
597
596
599
602
596
574
570
563
559
554
550
555
572
597
618
610
619
624
617
599
596
590
581
566
566
571
594
601
608
615
630
623
604
604
595
586
569
563
563
567
563
572
588
593
601
579
575
566
546
541
530
520
517
517
517
521
521
523
525
525
527
535
541
554
583
607
616
628
628
599
585
565
552
534
510
535
510
405
632
383
649
287
546
253
271
313
591
432
288
315
783
594
590
597
599
613
575
604
597
367
358
454
564
389
707
525
518
513
515
512
495
502
500
255
729
490
474
465
467
465
462
457
454
458
442
432
437
435
430
429
426
428
417
409
407
411
405
406
402
398
401
400
389
395
388
396
381
385
384
389
384
384
384
384
386
385
386
384
383
384
1155
390
390
387
388
390
388
390
389
389
392
393
394
394
393
395
395
396
394
395
394
393
396
395
395
394
395
396
398
396
397
397
397
396
395
394
394
395
396
395
396
393
395
395
393
390
393
394
393
393
392
395
396
395
396
397
396
400
399
401
402
401
402
403
408
410
412
413
414
417
416
415
415
414
416
416
417
422
416
420
430
448
504
798
812
868
701
579
536
524
513
498
494
490
487
483
483
477
472
466
465
460
460
460
461
457
456
456
457
454
457
458
461
464
463
463
464
465
464
467
473
473
475
477
479
483
483
484
485
485
484
484
487
489
488
489
492
495
497
499
501
504
503
504
502
502
503
504
501
502
504
506
504
504
510
511
511
517
521
517
520
519
519
517
516
516
512
516
511
521
528
543
548
541
544
546
543
534
531
529
528
527
523
526
530
537
535
537
543
549
545
543
542
540
534
531
527
533
538
538
543
556
563
555
555
560
559
559
552
548
547
546
539
544
545
561
553
553
563
573
583
573
572
579
578
565
560
558
555
547
546
543
541
542
541
540
547
545
541
543
548
551
550
547
549
552
553
544
541
541
542
537
537
537
540
547
546
546
549
551
560
556
556
560
565
586
576
579
588
595
594
592
577
577
577
573
583
580
587
601
600
607
604
618
621
624
604
593
583
577
571
571
575
574
584
586
580
584
582
588
578
572
566
563
564
562
558
551
542
536
532
530
529
525
526
526
542
582
647
665
664
630
592
583
569
563
555
560
571
584
588
581
583
583
590
587
569
553
570
573
565
564
558
558
556
552
554
561
559
562
557
554
545
536
521
520
527
553
595
653
590
614
589
584
591
589
577
566
552
544
533
530
523
523
525
533
530
532
531
528
528
527
521
516
517
516
517
513
507
511
505
505
503
505
504
506
503
497
503
492
488
489
486
491
508
541
595
602
601
604
615
593
577
566
563
563
557
553
547
539
533
537
524
530
523
522
529
527
526
526
532
527
527
527
519
518
521
525
513
521
519
543
550
537
537
539
526
521
520
522
530
519
508
513
517
509
510
493
490
480
483
481
471
475
464
461
442
446
446
441
440
441
433
262
586
417
419
418
416
410
411
414
404
400
400
396
398
396
394
392
393
393
393
391
389
386
391
395
388
394
384
386
390
388
387
384
388
390
386
385
386
387
386
386
384
386
388
389
388
387
391
389
387
391
393
394
392
392
395
395
395
396
395
397
396
399
396
397
401
398
398
403
402
401
400
406
407
403
406
410
407
409
416
414
414
417
414
415
419
418
424
421
425
421
428
423
426
430
429
424
424
429
429
432
447
463
475
500
465
572
534
516
526
538
286
767
523
511
508
996
489
319
646
474
479
346
587
471
476
483
485
493
498
493
499
495
495
488
486
484
481
475
472
471
467
462
465
466
465
465
466
468
464
464
464
463
464
461
463
463
463
463
462
463
463
463
461
461
460
461
462
461
460
461
462
465
466
470
473
478
480
484
485
486
487
486
489
489
490
490
490
490
492
491
494
497
498
498
501
504
508
508
504
503
501
502
502
502
505
512
513
513
519
521
527
527
525
528
528
529
528
527
528
520
515
520
511
513
518
525