786
760
716
730
792
735
784
831
894
896
822
831
817
796
748
784
807
838
812
867
856
807
766
774
793
808
800
803
795
726
750
751
792
762
721
770
790
801
758
794
836
823
727
740
760
697
720
690
676
708
839
861
799
820
807
786
774
777
809
838
831
869
893
887
855
848
840
803
808
826
842
722
742
701
717
813
874
807
766
764
772
799
798
817
839
864
870
844
854
834
820
795
814
826
854
842
855
850
837
828
835
849
832
825
836
847
806
845
849
851
812
820
831
819
821
840
858
832
830
838
855
818
839
846
893
862
867
883
869
734
727
701
677
750
931
924
821
813
784
751
728
736
749
776
750
797
819
853
837
826
825
818
802
777
801
800
818
800
843
866
836
794
808
823
842
851
875
932
880
837
837
846
805
792
790
821
836
819
867
877
853
804
800
797
738
744
726
721
684
695
712
762
779
799
836
865
791
776
763
762
732
720
735
762
749
758
727
728
814
850
804
797
781
760
719
734
752
803
825
856
871
884
857
830
802
813
797
778
803
814
827
758
724
731
731
776
797
890
966
967
924
904
872
841
848
842
829
849
884
898
876
885
898
934
891
898
900
867
834
847
881
863
886
899
910
851
873
889
882
831
832
833
788
801
873
934
940
931
955
927
874
884
890
861
842
791
768
858
925
895
913
904
832
800
815
840
815
838
864
891
830
843
846
837
789
809
821
839
812
796
788
765
747
747
765
766
739
771
770
780
762
800
833
866
827
842
838
811
733
702
674
649
647
689
707
797
848
879
816
835
851
845
776
815
815
859
857
923
981
927
917
954
943
874
881
899
909
864
918
944
938
867
937
952
884
847
855
879
868
841
859
880
821
856
888
933
904
918
938
941
885
907
910
916
863
896
897
917
794
770
729
770
867
827
830
841
856
777
775
782
816
868
1024
1056
1001
1009
990
925
866
831
811
780
820
865
924
898
904
902
919
872
885
878
886
894
859
889
909
878
882
863
865
810
829
869
929
894
883
903
941
907
878
872
868
842
830
868
917
898
873
884
875
839
808
813
839
813
793
824
857
850
799
815
808
774
779
799
815
777
782
797
813
774
757
764
775
760
769
792
813
783
774
778
792
756
749
789
840
856
813
850
842
753
688
654
669
657
702
806
728
682
682
672
653
623
626
604
572
569
560
556
541
540
543
538
532
536
528
525
522
521
516
514
503
503
500
491
485
482
477
467
471
457
458
451
444
443
438
440
440
432
434
423
427
426
425
427
260
594
433
433
613
262
439
438
437
434
434
433
373
491
431
429
434
431
426
428
429
429
428
429
431
425
425
427
424
427
426
848
416
322
523
419
414
416
283
483
368
500
413
407
350
289
258
319
323
491
409
411
415
560
267
411
418
406
291
427
502
274
533
356
456
402
400
404
409
426
448
498
548
531
503
481
470
467
469
471
474
474
475
479
481
482
484
488
494
493
491
489
483
484
483
475
474
471
473
475
481
488
484
485
494
497
501
503
505
514
514
512
511
509
509
506
506
508
512
513
508
503
500
502
506
509
503
502
503
498
500
500
504
508
518
526
529
521
530
523
532
539
529
530
523
525
512
500
486
478
474
478
472
467
469
475
472
471
473
471
475
472
464
461
293
628
927
458
462
463
451
456
444
445
445
447
437
431
430
431
437
454
474
493
548
571
560
512
501
494
487
478
472
472
471
468
462
460
459
458
458
455
451
452
454
454
454
449
445
445
450
452
463
471
476
478
479
484
482
488
482
480
482
478
478
476
474
477
472
473
470
471
471
474
476
476
478
479
484
485
493
498
499
503
512
517
514
514
518
523
515
512
515
519
528
524
530
541
553
550
548
547
551
558
551
552
557
572
560
559
563
563
551
552
546
559
584
597
577
596
593
590
571
573
567
552
548
547
545
543
542
546
553
567
563
563
575
590
586
573
563
553
562
567
570
572
569
563
559
567
578
582
581
593
622
637
610
597
579
590
599
592
588
589
587
578
590
598
647
645
688
744
725
689
703
705
668
703
728
724
693
720
753
687
698
719
746
706
726
711
669
684
725
789
713
750
768
729
714
714
734
696
728
724
688
688
714
718
680
718
738
736
702
759
812
774
844
871
755
751
741
736
732
768
749
713
712
703
684
697
700
708
685
702
707
685
686
678
680
653
661
682
731
690
701
701
681
660
670
685
707
697
735
719
676
646
620
596
603
615
658
737
762
859
759
711
676
717
689
694
759
799
693
708
699
691
669
740
759
762
742
799
824
801
874
797
771
837
821
749
825
823
786
753
794
797
718
747
710
664
663
707
764
826
853
827
786
707
754
754
745
780
829
831
729
747
737
694
720
787
875
822
771
739
724
720
825
865
789
834
844
816
762
813
814
760
759
792
801
746
789
813
775
733
722
705
688
689
717
678
666
657
742
808
809
773
744
694
661
685
697
674
665
736
772
782
735
773
809
765
768
755
746
698
729
715
696
692
732
772
735
696
704
727
693
729
773
820
759
803
815
727
695
688
683
676
726
782
896
822
868
931
787
793
788
756
766
836
877
800
807
859
804
827
873
818
796
765
752
715
761
737
708
720
771
811
820
874
911
857
846
849
838
784
810
820
745
772
825
869
805
842
765
698
706
710
772
722
745
757
741
713
726
703
727
713
680
680
656
662
694
716
675
707
724
772
749
739
789
854
820
778
829
859
793
767
792
809
757
820
851
755
749
749
755
715
775
834
804
716
737
741
744
727
775
768
725
711
726
764
747
839
828
788
774
787
774
726
713
735
747
739
740
766
812
796
773
797
791
722
733
728
746
697
732
733
774
728
775
782
782
710
702
685
671
650
683
701
765
734
797
812
787
761
770
778
714
717
719
726
690
690
731
792
806
806
859
900
786
759
736
738
682
678
705
723
724
724
799
822
779
736
754
741
688
677
689
705
693
687
712
714
676
655
692
731
740
671
695
687
714
674
730
737
767
727
747
747
732
676
668
649
653
640
649
640
634
648
688
781
809
816
760
734
688
651
652
665
687
647
635
634
633
660
672
733
768
792
732
760
716
679
664
682
688
709
691
747
753
763
713
749
742
722
682
699
684
689
655
648
641
657
677
735
849
922
844
888
905
796
779
759
741
696
739
758
790
778
839
835
764
707
684
663
640
658
663
675
790
787
845
857
780
769
762
767
706
698
708
713
713
702
745
767
816
766
802
785
759
705
718
721
739
697
736
747
756
712
763
764
741
698
711
714
732
656
650
650
679
746
776
870
899
835
810
805
790
716
703
680
648
620
639
628
615
590
581
571
573
572
586
614
610
653
706
721
729
742
745
742
731
719
708
673
689
688
715
737
837
901
908
919
914
856
785
786
792
736
753
763
796
773
800
824
834
792
807
780
722
731
706
713
701
694
677
669
648
690
718
773
729
769
760
735
708
720
719
692
661
667
661
685
701
686
732
773
777
746
759
759
737
694
738
728
738
723
774
774
743
748
728
724
678
685
682
693
720
685
704
677
648
638
698
719
760
737
803
854
844
798
785
767
717
698
720
734
718
703
727
723
725
700
702
695
655
676
673
678
685
653
653
667
692
737
755
732
773
788
808
767
766
768
783
777
690
689
674
680
711
758
824
887
886
804
843
852
813
736
758
734
752
724
775
767
793
752
791
788
772
717
723
713
714
682
715
708
740
695
709
723
766
736
788
789
755
702
702
681
654
659
684
716
743
761
790
856
809
783
742
705
665
682
680
692
670
675
690
718
730
685
693
669
655
660
644
635
647
639
648
644
680
691
746
763
687
711
713
769
806
749
768
752
733
692
703
674
653
654
674
655
693
703
746
717
693
711
691
680
660
710
726
806
751
760
766
758
705
710
693
691
659
648
657
655
717
703
689
667
746
793
808
776
742
710
686
662
637
641
629
633
646
665
651
684
699
747
725
778
802
763
754
721
697
667
647
654
645
659
673
686
749
754
771
788
811
781
754
771
746
693
677
671
665
656
656
697
697
709
671
687
655
654
660
650
639
632
615
605
593
584
581
589
602
644
829
861
794
769
769
763
729
660
648
624
625
627
673
726
729
721
725
709
696
663
663
644
631
609
630
650
766
880
918
933
927
867
862
839
764
740
725
715
702
690
734
756
781
764
760
729
695
690
699
690
679
674
724
746
771
724
770
744
727
708
698
684
674
652
679
675
696
690
739
748
754
712
729
706
694
649
669
650
659
656
708
732
775
779
788
765
752
700
720
696
685
637
649
645
652
681
723
690
729
734
746
729
680
700
677
670
663
655
697
718
793
801
870
871
825
815
775
734
683
700
687
687
666
727
742
780
771
822
822
818
740
768
735
717
651
638
672
666
706
754
772
761
744
748
712
703
701
688
663
636
632
608
595
591
604
617
604
636
636
655
698
693
725
733
754
755
704
729
717
715
670
693
678
687
684
651
641
658
688
732
801
837
788
807
790
754
721
675
698
692
699
713
733
766
796
800
786
726
751
712
696
676
653
673
668
700
696
770
806
871
830
845
807
773
722
733
713
692
658
681
674
705
718
754
771
788
755
773
746
723
684
666
674
669
682
660
709
708
732
707
759
739
738
696
737
717
726
692
731
716
738
710
750
749
771
729
746
730
730
698
692
696
699
702
677
661
654
662
675
634
623
630
609
587
574
574
563
557
556
558
565
575
591
611
606
580
584
607
639
682
703
712
751
752
744
690
694
672
677
655
680
648
678
744
945
786
698
718
643
658
632
610
592
574
565
558
548
537
526
522
518
514
504
497
494
487
481
479
480
475
472
473
472
483
501
518
511
507
501
501
500
501
501
506
506
505
504
496
490
485
484
482
483
483
483
1472
512
504
501
501
499
494
493
504
517
518
513
512
519
533
548
537
533
539
535
536
537
545
563
588
612
613
621
634
649
679
703
685
666
649
634
626
622
608
606
606
620
614
614
604
582
559
549
537
526
518
508
502
498
498
495
493
490
487
481
479
476
480
492
500
495
499
505
508
511
513
507
504
499
491
488
485
477
470
467
464
463
462
474
480
481
618
1014
862
831
750
698
667
674
628
600
575
571
568
541
532
521
504
492
486
483
483
479
479
480
490
486
488
485
487
495
506
544
609
620
564
547
528
514
502
497
490
485
481
476
479
479
503
531
515
509
512
508
513
522
543
561
562
538
526
512
502
494
487
479
474
469
471
504
593
546
526
506
496
494
490
487
485
482
480
486
532
751
691
683
672
629
606
603
579
563
544
527
513
505
504
506
505
521
525
531
527
519
513
501
492
484
483
476
473
474
480
494
590
631
589
954
938
934
967
934
885
837
841
843
823
735
662
601
574
548
538
518
509
499
503
505
515
528
551
577
556
540
538
530
518
512
504
506
499
497
494
492
489
491
518
678
627
600
562
545
551
562
594
682
689
654
634
618
599
577
555
524
506
494
484
477
471
469
474
487
488
475
468
470
467
466
464
465
468
469
470
468
472
470
469
466
464
464
461
466
469
483
500
511
519
523
509
512
509
510
505
503
502
498
495
488
487
484
486
483
485
491
489
486
478
476
471
465
459
463
465
463
476
483
490
502
508
510
540
521
531
529
519
521
516
509
504
498
497
494
492
494
504
519
545
567
570
571
574
580
600
596
563
551
540
527
513
501
506
504
514
563
585
608
622
648
604
580
560
539
521
506
503
512
572
667
645
656
678
744
799
727
700
675
709
696
682
656
619
577
555
545
522
512
504
507
511
520
580
583
626
612
599
604
600
618
650
626
612
588
559
538
517
501
493
484
490
556
622
559
522
517
517
518
535
633
657
727
669
683
689
673
666
637
631
630
628
631
620
611
619
622
649
668
689
696
698
711
729
669
641
606
580
555
536
525
539
584
824
768
799
743
738
820
825
770
733
719
692
687
676
661
641
619
588
574
557
541
531
534
561
579
548
545
536
532
530
535
544
566
614
643
653
638
646
646
633
622
630
672
687
734
743
767
803
757
726
696
684
707
730
756
743
680
616
590
565
539
525
516
511
505
500
499
507
503
501
499
498
495
502
513
529
553
572
551
545
536
527
514
504
496
493
487
482
478
481
481
483
479
486
494
505
522
530
524
528
535
544
572
600
595
594
594
569
540
523
517
509
506
504
508
511
511
511
514
514
516
514
511
504
503
499
491
485
479
478
477
473
475
472
470
475
479
494
518
518
524
517
520
511
509
501
502
505
509
524
554
599
628
649
615
584
574
577
565
575
573
571
582
576
571
551
541
525
515
510
502
500
502
507
521
540
554
538
540
537
532
533
525
521
513
502
498
501
515
536
574
575
587
597
604
574
570
569
568
549
550
546
536
528
522
517
510
505
499
497
497
501
509
514
514
515
519
523
523
523
527
534
532
539
542
540
540
540
537
546
550
556
552
551
546
549
553
548
549
551
550
556
568
577
586
588
588
600
601
603
612
607
609
615
622
628
626
640
638
641
642
645
642
641
645
643
644
647
645
646
646
642
641
633
625
626
625
610
607
604
602
600
591
590
586
580
579
578
574
562
554
552
560
571
631
725
745
773
726
705
693
678
671
656
634
628
625
622
651
680
715
717
713
702
700
690
678
655
666
682
707
721
721
711
709
714
711
686
679
658
646
640
655
662
661
675
678
691
698
695
675
693
694
708
713
691
706
706
706
683
680
683
682
688
679
689
688
685
681
651
646
642
625
630
625
640
630
654
653
646
653
635
637
634
621
625
626
628
647
652
674
680
662
653
650
650
642
624
635
630
618
628
642
646
659
644
634
617
604
589
576
565
561
550
537
527
521
510
510
505
496
496
532
626
594
588
611
604
603
625
633
630
635
615
604
598
587
580
577
578
584
588
592
590
582
580
574
572
577
573
584
587
604
633
646
653
659
665
650
640
631
618
622
625
629
644
658
688
691
677
666
661
646
637
631
622
635
637
656
673
709
704
688
677
658
629
622
614
619
638
662
697
730
768
764
753
734
706
670
657
636
630
646
658
679
709
742
732
695
683
671
642
650
643
659
676
678
667
671
665
660
651
646
645
670
717
740
712
688
677
664
660
662
653
656
650
658
657
667
656
636
629
631
630
627
639
646
660
667
654
665
683
726
770
763
729
713
692
687
672
655
657
664
706
772
784
773
763
762
744
702
704
683
685
702
695
697
722
760
782
761
734
713
694
669
664
651
651
651
657
680
710
751
776
743
740
728
710
683
666
657
651
667
682
680
689
720
746
730
688
677
653
646
637
630
644
660
723
772
755
749
733
722
686
658
641
620
616
627
622
630
653
692
729
737
700
685
655
618
629
621
634
645
652
683
693
701
675
679
676
678
682
673
690
692
709
711
697
723
723
730
724
694
697
688
700
693
686
690
697
701
689
703
697
718
695
700
688
686
682
658
670
674
693
702
705
720
722
720
682
682
669
663
662
652
667
675
707
743
709
709
710
714
708
662
658
650
650
640
642
655
661
649
675
709
713
685
700
691
681
670
646
654
640
636
633
632
648
672
714
720
724
714
709
691
665
667
657
664
677
683
688
725
766
816
814
774
769
753
732
723
689
662
656
647
679
731
732
778
805
808
740
743
729
720
676
688
674
681
696
686
719
736
756
719
706
707
714
716
682
709
701
708
695
671
691
706
756
792
740
744
729
711
676
689
682
707
728
712
742
751
776
750
704
722
706
711
687
707
719
759
779
720
724
710
714
701
677
690
693
702
694
706
718
721
711
682
692
677
684
693
681
710
713
752
765
769
791
815
834
805
761
714
729
724
753
797
790
820
829
809
747
735
716
710
720
692
738
748
771
746
757
759
762
703
697
682
679
659
654
682
702
752
752
748
746
752
728
681
691
682
685
663
675
678
712
746
715
740
731
731
695
681
676
673
663
657
686
709
754
729
753
736
747
693
671
676
671
683
673
670
697
740
786
782
768
754
740
724
691
669
676
687
747
778
762
813
854
839
776
716
710
691
695
688
679
705
716
739
717
732
725
722
675
661
657
647
653
637
651
677
732
797
765
745
723
707
683
648
658
650
680
736
763
787
815
830
812
743
731
710
698
701
690
734
759
773
751
723
726
711
704
665
676
668
677
674
656
686
691
714
702
676
689
686
692
694
676
689
688
706
699
673
688
697
715
719
682
694
683
685
678
650
671
666
696
712
685
704
704
716
677
662
662
659
671
668
666
693
719
760
751
725
722
709
693
677
654
665
661
680
708
692
728
758
801
794
730
702
684
669
670
677
659
674
705
760
805
789
757
766
745
722
668
676
660
669
675
663
700
725
778
785
729
736
745
730
695
666
667
663
691
698
693
725
753
765
703
706
675
663
634
658
646
663
678
664
689
693
703
687
664
674
668
685
720
717
736
755
750
752
731
684
696
695
708
708
695
725
749
797
784
730
725
699
691
671
663
676
694
725
720
738
743
772
756
707
719
702
703
720
705
737
735
764
758
714
729
719
743
719
686
700
700
719
719
688
711
702
707
683
657
663
652
661
651
654
676
695
738
725
721
711
695
677
639
614
599
586
600
623
618
651
673
737
729
724
765
772
757
709
704
692
680
667
642
642
650
659
683
687
674
721
748
771
717
728
723
722
687
666
687
688
701
679
692
701
726
693
698
742
755
762
721
701
714
731
762
716
765
782
817
767
745
750
762
727
694
710
714
748
731
790
817
838
772
742
736
737
749
721
732
756
776
788
748
787
792
796
745
732
733
743
759
735
757
780
801
784
720
743
729
740
727
688
725
729
778
735
749
749
769
739
692
705
688
690
672
704
717
771
771
776
809
822
813
731
725
707
700
715
691
733
749
825
802
769
785
803
795
724
727
714
723
730
708
750
765
813
789
734
752
750
735
688
705
708
719
742
734
726
754
776
784
723
733
716
720
701
685
714
721
766
746
729
750
749
752
694
692
698
706
741
723
728
744
783
773
729
750
732
727
688
681
691
694
720
694
708
744
761
720
712
701
686
673
640
644
642
645
670
688
674
716
745
759
750
687
699
684
679
666
642
664
688
861
868
805
834
842
802
729
735
710
704
685
673
700
711
755
762
724
763
753
747
721
677
692
690
729
760
713
757
743
749
694
704
701
704
696
677
721
731
800
772
753
771
776
769
726
723
721
731
761
733
744
767
795
804
735
758
751
755
739
716
765
776
833
783
754
761
762
756
711
685
703
715
755
768
736
774
783
763
705
711
707
703
717
691
712
733
770
776
743
767
771
770
733
690
700
688
706
732
698
737
758
781
780
722
739
716
712
701
672
691
700
734
736
702
734
740
780
779
711
710
706
704
708
693
717
734
777
735
750
761
779
721
699
721
726
739
729
729
766
760
769
732
709
724
720
696
683
709
732
799
794
739
763
754
765
725
703
726
727
734
734
726
768
766
791
760
720
742
737
748
734
719
763
775
783
756
711
729
727
733
717
700
745
751
790
764
726
745
749
749
688
650
636
651
683
712
757
773
782
787
768
749
734
715
689
680
680
674
688
709
736
740
753
754
741
739
734
731
710
729
720
743
768
699
733
723
715
655
654
657
650
663
637
653
654
686
709
710
733
749
749
683
687
660
646
616
623
617
633
704
745
712
750
751
772
771
720
702
689
674
672
657
680
711
768
811
768
781
755
748
700
677
676
659
658
646
685
703
764
747
750
736
725
671
678
661
667
681
665
706
724
742
740
703
728
721
721
686
701
691
700
698
668
696
698
724
724
721
725
720
715
677
689
690
714
723
690
699
695
693
676
646
663
649
656
655
644
672
691
733
744
739
752
736
729
707
687
700
708
744
766
753
808
819
820
761
738
736
728
727
696
722
733
813
785
779
802
819
785
706
685
670
656
641
650
673
671
680
651
642
641
619
609
611
609
621
639
648
625
650
659
675
694
680
657
678
686
732
783
758
783
787
804
769
732
737
726
716
724
817
865
920
850
801
797
773
718
702
721
762
835
816
813
814
818
802
754
768
747
744
701
722
729
771
755
735
766
774
762
719
741
744
745
710
687
699
696
708
688
734
756
790
758
741
757
755
723
676
681
680
704
748
724
768
780
800
765
734
752
761
750
713
692
713
723
776
797
777
804
815
776
727
726
703
690
660
688
694
750
755
759
809
822
792
735
743
724
703
683
715
743
803
777
746
786
804
817
744
736
751
761
750
726
751
770
805
790
735
755
740
730
700
679
701
695
714
687
727
760
791
777
751
777
768
731
700
728
729
737
718
752
777
816
809
780
816
798
788
728
714
725
743
777
750
747
789
821
828
748
752
732
719
690
700
696
750
765
727
757
784
828
796
747
745
734
739
712
694
723
730
766
731
727
732
734
693
674
686
683
683
653
669
679
705
713
697
734
743
767
735
690
714
714
748
750
753
801
803
821
807
742
746
738
736
709
692
725
745
787
754
758
746
735
695
669
673
662
676
683
683
735
745
768
785
738
759
762
766
715
706
726
755
787
770
741
731
719
704
674
709
737
787
800
749
779
767
756
706
725
712
716
706
686
716
729
781
775
727
750
751
760
714
689
703
711
744
741
732
789
792
744
729
735
740
709
686
693
694
747
739
729
766
773
750
678
654
623
601
617
808
824
837
833
867
875
840
815
808
775
744
706
679
669
671
688
712
735
770
797
792
800
796
776
770
742
694
694
656
635
634
624
621
627
629
614
606
623
618
629
608
608
602
604
604
612
643
647
675
693
725
728
735
741
734
712
716
728
740
762
761
798
816
821
785
766
763
756
757
753
762
793
818
790
760
758
747
715
684
687
666
668
658
701
726
750
720
750
747
766
712
711
711
708
690
679
697
711
754
750
738
764
753
735
692
699
685
683
688
675
714
726
707
799
775
712
702
706
685
667
660
653
649
648
638
656
664
716
776
754
776
774
773
748
730
746
737
756
738
753
755
783
784
751
776
775
778
746
743
731
743
741
712
727
742
761
717
732
729
758
738
726
727
725
711
685
698
700
701
703
740
788
806
771
786
728
677
660
654
645
641
623
630
648
679
718
673
666
671
665
676
669
667
643
646
640
630
634
636
688
732
765
756
728
769
760
778
707
668
676
688
737
768
741
766
788
806
763
767
747
721
694
698
694
693
681
712
715
757
755
729
741
734
741
701
714
698
693
692
688
717
748
839
851
775
784
761
730
695
694
713
740
764
734
768
806
832
810
737
735
716
714
689
703
702
715
703
688
712
753
764
725
744
740
745
697
706
694
721
737
716
755
782
822
782
809
785
781
730
721
713
730
724
727
765
782
799
715
701
682
650
648
635
633
617
630
633
647
637
616
622
618
619
627
628
619
646
653
692
710
693
728
735
731
706
713
714
712
684
677
688
682
694
688
704
711
719
683
657
661
669
671
685
690
671
683
683
698
697
683
708
734
750
741
758
766
780
750
713
720
726
763
761
783
826
837
829
778
799
785
756
694
669
650
637
663
675
784
818
819
854
846
788
761
730
708
669
664
668
676
719
746
753
815
850
859
807
807
755
739
693
691
692
711
742
727
748
766
811
771
792
769
749
690
686
676
682
696
704
767
847
909
873
830
805
750
688
695
681
713
723
795
815
839
832
849
816
781
726
697
688
685
687
678
728
771
867
856
883
875
854
770
734
716
707
702
694
715
741
794
761
811
807
787
727
720
710
708
698
676
696
694
731
729
749
767
788
761
706
717
706
740
761
720
759
767
805
780
793
811
837
793
749
767
776
783
740
766
781
781
739
723
727
742
730
707
720
718
704
704
734
738
748
709
731
728
721
683
672
686
707
759
720
754
775
812
799
773
773
757
737
718
703
734
746
798
786
772
806
810
785
740
749
738
736
708
729
737
789
761
751
770
774
743
701
702
691
708
703
696
753
783
803
779
787
780
743
696
706
701
715
718
702
730
731
773
726
723
727
736
706
683
697
711
743
730
750
755
777
750
695
716
725
755
766
744
786
792
767
705
711
697
720
711
689
709
711
751
738
718
745
753
754
711
715
700
696
701
684
706
714
755
743
746
772
786
753
711
704
697
693
680
704
747
817
817
753
764
750
757
702
702
695
722
730
703
739
755
770
735
742
725
700
672
689
688
704
704
717
759
805
835
784
696
664
646
636
639
672
696
701
738
817
876
855
805
747
707
686
657
683
692
717
766
817
760
785
788
808
770
730
736
728
692
671
680
694
750
744
729
752
755
735
702
673
658
674
673
685
671
643
649
652
701
800
828
752
759
717
695
662
626
631
629
659
702
704
710
764
820
852
800
784
747
719
690
683
728
777
822
781
847
876
810
781
796
820
767
713
723
728
760
739
728
763
814
830
762
787
771
793
754
710
725
758
819
821
785
833
859
823
767
787
797
789
756
770
799
833
816
708
674
653
631
632
669
668
642
626
621
612
645
920
873
867
857
798
774
755
761
775
766
760
739
747
760
789
814
813
826
833
846
856
834
767
747
749
796
831
821
858
879
896
877
803
795
792
774
764
827
904
957
907
917
898
855
792
799
812
804
798
857
867
831
872
854
868
823
824
838
836
764
782
768
786
764
782
806
838
787
838
857
822
831
823
839
812
802
840
883
898
907
928
896
854
847
868
903
840
828
825
828
833
833
894
912
860
842
844
838
789
759
780
791
852
851
908
952
921
827
839
815
819
789
800
823
852
839
761
729
716
720
725
724
779
808
811
753
788
799
810
784
773
810
825
847
816
863
849
833
776
827
837
894
866
903
882
872
801
833
883
918
850
845
844
851
836
858
997
1031
946
980
965
923
860
883
898
848
783
801
849
885
830
854
860
893
842
840
854
864
836
779
818
845
894
861
909
928
914
849
832
816
827
781
758
800
851
895
844
830
814
819
767
775
799
895
917
908
901
871
796
799
804
848
859
911
979
976
894
832
832
841
837
810
889
911
922
883
909
886
825
816
815
817
789
823
835
896
849
854
854
856
797
817
797
804
747
787
817
869
891
888
918
818
720
684
656
668
672
696
700
667
659
664
649
643
653
666
694
687
701
734
785
783
774
793
824
792
748
788
771
779
736
721